0 0 0 0 0 0 0 0 0 0 0 0 0 0 0 0 0 0 0 0 0 0 0 0 0 0 0 0 0 0 0 0 0 0 0 0 0 0 0 0 0 0 0 0 0 0 0 0 0 0 0 0 0 0 0 0 0 0 0 0 0 0 0 0 0 0 0 0 0 0 0 0 0 0 0 0 0 0 0 0 0 0 0 0 0 0 0 0 0 0 0 0 0 0 0 0 0 0 0 0 0 0 0 0 0 0 0 0 0 0 0 0 0 0 0 0 0 0 0 0 0 0 0 0 0 0 0 0 
0 32 30 44 24 26 44 58 64 32 70 50 64 80 76 26 22 16 42 54 10 24 18 12 14 18 42 10 12 20 50 56 10 52 8 48 44 34 30 8 18 16 34 6 14 18 8 10 14 10 16 20 12 6 24 12 10 12 10 16 22 4 34 28 12 8 6 8 12 10 20 24 12 22 30 26 16 16 28 10 12 4 4 8 6 16 46 54 16 14 128 170 122 190 32 4 0 8 14 10 16 32 22 14 2 8 10 28 26 8 2 4 8 130 255 255 255 110 255 255 255 212 255 255 90 166 184 0 
0 38 16 46 6 16 40 48 50 50 72 76 40 62 38 22 26 10 38 54 22 10 30 14 28 36 40 14 12 6 58 60 12 52 10 66 38 6 42 34 12 30 36 8 14 16 30 24 32 12 22 24 10 0 26 24 12 12 10 12 16 4 40 38 12 12 16 10 20 24 22 20 8 12 56 70 50 50 40 12 14 12 14 6 6 18 38 56 22 14 128 170 122 192 40 6 6 8 6 8 18 30 14 14 6 6 4 26 36 16 2 8 14 148 255 255 174 48 132 154 100 122 255 226 76 138 102 0 
0 24 6 28 6 12 30 34 24 30 42 56 10 20 12 14 26 24 42 52 42 30 38 18 26 32 50 20 28 22 64 46 24 68 30 76 18 32 30 44 12 30 28 6 22 20 12 8 30 18 28 32 8 8 12 14 12 10 8 2 16 10 26 40 22 10 16 24 22 6 32 86 188 255 255 234 190 142 90 18 10 10 14 4 16 28 44 60 20 12 128 168 114 196 36 4 0 6 4 6 12 24 12 14 16 12 12 16 28 20 16 16 20 132 255 255 132 52 74 92 108 248 255 255 114 114 82 0 
0 10 8 16 26 16 30 46 28 16 12 40 18 26 30 28 30 10 36 52 50 30 40 24 30 22 38 22 22 18 46 40 80 116 76 146 76 46 18 34 8 26 28 12 4 10 18 18 24 20 34 36 6 14 14 0 8 12 6 14 24 10 12 20 24 14 4 20 36 132 255 255 255 255 158 160 134 112 82 30 12 16 18 12 18 22 42 62 22 20 134 158 132 188 38 10 4 6 6 8 26 26 10 8 16 8 4 18 34 34 20 20 24 98 255 255 130 50 72 100 60 150 255 226 128 92 96 0 
0 32 18 24 18 22 18 32 24 20 10 34 38 20 22 22 46 18 40 50 36 18 20 26 40 30 28 6 18 18 20 70 184 226 188 255 255 178 134 98 48 20 28 16 20 30 22 10 24 22 32 24 6 2 8 12 6 24 6 22 16 10 18 16 28 24 24 22 118 255 255 255 255 112 116 212 192 114 62 50 32 6 28 38 42 26 44 56 24 26 124 144 116 172 34 12 2 10 22 52 80 68 32 20 22 16 8 22 32 26 14 14 10 46 255 255 244 44 72 122 108 188 255 255 58 74 92 0 
0 50 10 56 40 46 30 24 32 28 22 30 60 24 20 12 36 22 60 60 16 18 8 30 26 48 30 20 12 60 104 148 184 204 192 230 255 255 255 228 160 52 14 8 18 24 10 10 22 14 14 12 22 16 18 8 14 16 10 18 14 10 16 20 22 22 22 102 255 255 255 146 255 255 255 242 180 168 136 90 102 112 64 6 42 36 46 56 18 20 122 140 110 176 44 14 122 255 255 255 255 255 255 255 255 255 182 58 22 16 14 14 10 20 240 255 255 236 52 72 64 146 232 212 82 74 56 0 
0 50 4 58 36 40 36 16 22 28 6 26 66 26 22 16 24 10 52 40 24 24 20 24 10 54 40 26 116 112 34 64 112 140 132 92 154 220 255 255 255 150 42 12 14 8 18 2 32 16 2 20 12 12 14 10 12 20 16 14 10 14 10 16 16 20 58 255 255 255 106 80 188 255 255 255 255 255 255 170 220 255 255 200 70 12 46 56 20 20 122 144 124 164 98 255 255 255 255 255 255 255 255 255 255 255 255 255 154 20 16 8 10 26 78 255 255 255 84 60 76 174 242 182 74 36 24 0 
0 50 0 54 40 14 24 24 34 28 12 38 62 16 24 22 26 30 54 36 24 30 30 22 10 34 34 120 174 72 126 130 198 240 170 92 74 130 174 254 255 246 92 22 8 8 22 28 36 16 12 12 8 24 14 18 6 8 4 8 10 18 30 30 38 20 192 255 255 96 166 176 102 162 228 255 255 255 255 255 255 255 255 255 242 126 78 54 14 20 120 136 130 136 255 255 255 255 255 214 248 188 255 255 246 255 255 255 255 212 46 4 12 26 16 94 255 255 240 40 76 168 255 244 138 74 88 0 
0 34 36 56 46 26 36 50 66 50 32 38 66 14 30 26 20 28 46 32 28 6 22 14 6 42 50 202 186 190 100 255 255 255 154 86 54 88 88 106 238 255 226 34 24 16 20 24 24 10 22 12 10 20 16 18 26 24 18 22 14 12 24 20 26 6 202 255 224 118 234 132 76 90 110 152 200 255 255 255 210 196 200 234 248 226 186 108 26 24 126 112 106 255 255 255 255 124 52 108 152 100 156 124 78 88 160 255 255 255 228 42 32 36 24 38 242 255 255 14 62 130 202 216 134 140 164 0 
0 40 64 56 50 28 24 32 56 58 52 28 62 20 32 32 14 60 70 44 22 12 22 16 34 26 40 222 84 178 124 255 255 152 82 48 50 76 112 92 146 255 255 186 18 14 18 6 6 8 24 6 12 20 24 14 24 12 4 14 16 4 20 24 30 6 212 255 255 140 166 40 50 48 40 46 78 122 162 168 158 158 146 128 116 126 166 124 30 20 114 140 234 255 255 186 74 54 94 92 102 78 80 48 44 44 38 118 255 255 255 112 36 38 32 44 172 255 255 38 186 255 255 255 255 236 164 0 
0 30 50 26 12 30 18 12 22 48 56 30 60 36 54 38 30 62 74 40 18 8 20 14 14 32 62 244 64 168 220 255 154 50 26 18 44 92 158 180 162 214 255 255 66 16 14 8 8 10 14 6 12 22 26 8 14 18 20 12 8 8 4 12 24 20 208 255 255 136 92 86 66 46 44 36 38 34 40 80 116 142 134 106 100 112 162 124 18 14 106 240 255 255 234 68 56 6 86 76 68 76 12 58 90 44 28 64 130 255 255 182 14 12 8 18 188 255 255 36 212 255 255 255 255 166 80 0 
0 30 18 48 44 50 20 2 12 14 36 40 50 28 44 32 20 46 58 14 32 6 14 24 24 66 84 252 26 78 255 255 112 48 48 70 96 94 118 160 162 152 255 255 142 12 6 12 10 6 12 6 16 30 22 10 28 22 10 14 0 12 10 10 22 60 255 255 255 80 148 232 224 136 80 52 44 24 54 94 142 176 144 128 140 154 172 106 12 18 144 255 255 255 88 54 46 38 36 62 42 56 40 60 44 36 90 120 98 246 255 238 12 2 6 12 132 255 255 74 255 255 255 170 96 32 48 0 
0 40 10 50 28 36 28 22 16 36 22 14 24 34 42 20 20 42 52 22 28 6 2 6 20 66 84 255 56 72 255 255 110 74 112 144 128 80 94 136 140 132 222 255 202 4 26 12 16 6 14 8 28 26 14 18 12 10 16 16 18 14 12 8 24 138 255 255 222 54 124 130 144 212 110 30 22 62 128 154 176 184 178 244 255 208 144 64 12 20 250 255 255 148 44 30 22 58 30 38 40 50 70 58 14 40 106 90 60 178 255 255 70 4 6 6 38 255 255 255 158 255 255 255 90 122 255 0 
0 48 14 56 40 26 8 22 16 26 12 8 18 32 28 14 32 26 38 26 42 28 26 18 48 68 96 230 126 138 255 226 86 62 98 104 58 38 48 104 98 100 194 255 240 22 22 12 16 8 12 0 20 28 22 8 2 6 6 12 16 8 22 12 24 162 255 255 120 66 148 154 58 110 140 40 208 255 255 255 246 212 248 255 238 126 82 44 14 20 255 255 255 34 42 38 22 26 40 50 88 96 108 84 62 74 52 52 52 126 255 255 208 36 10 4 16 186 255 255 104 255 255 255 250 255 255 0 
0 42 22 36 42 16 6 6 14 24 14 10 2 26 14 18 26 12 22 8 34 16 18 16 50 80 224 250 108 132 236 174 42 32 70 86 58 94 134 144 108 86 146 255 238 34 12 12 10 12 22 16 22 24 22 12 12 12 36 66 66 62 76 74 74 222 255 255 182 58 168 188 112 96 140 212 255 255 208 122 134 190 244 210 92 24 46 60 26 18 255 255 255 48 26 64 44 50 82 40 54 58 94 120 116 82 40 38 66 98 242 255 255 92 18 20 16 224 255 255 250 255 255 255 255 255 255 0 
0 44 16 24 30 10 6 10 30 26 8 6 8 8 20 36 22 20 34 20 38 20 32 4 180 255 255 150 62 204 255 140 16 38 72 68 28 96 122 102 68 76 156 255 226 34 10 2 12 12 20 8 12 18 18 18 52 90 114 118 100 92 94 98 88 198 255 255 255 252 212 250 66 186 106 232 246 66 156 140 118 122 116 126 114 176 158 160 76 16 255 255 255 114 64 80 52 58 102 104 152 170 186 182 156 108 94 36 62 100 208 255 255 110 14 20 20 250 255 255 218 255 162 255 255 255 252 0 
0 22 16 8 18 16 4 22 16 42 26 22 8 22 40 32 8 14 38 26 44 20 26 44 255 255 234 198 190 255 255 108 48 18 48 72 18 58 80 64 58 102 176 255 204 30 8 6 18 6 24 10 22 28 38 82 132 130 96 66 38 28 16 18 24 58 210 255 255 255 226 220 236 255 174 255 255 190 56 30 146 142 98 92 44 98 84 166 114 10 255 255 255 112 94 88 66 62 90 118 128 128 142 162 160 118 132 94 40 40 104 255 255 114 24 20 14 242 255 255 255 255 228 252 142 90 72 0 
0 18 6 20 16 36 20 28 6 40 6 18 16 20 32 16 18 30 50 22 40 22 20 178 255 255 122 230 255 255 130 24 36 46 64 104 86 94 56 48 66 102 228 255 174 54 20 16 28 24 20 20 30 50 98 138 118 54 10 12 10 26 28 18 8 14 26 52 255 255 255 255 136 66 144 144 156 250 192 106 196 255 168 96 48 92 50 180 122 18 232 255 255 72 34 14 14 18 8 22 52 74 90 120 112 90 136 178 100 172 255 255 255 110 22 18 6 122 255 255 255 255 255 255 255 228 14 0 
0 160 88 36 36 46 42 18 16 48 30 22 24 28 34 18 28 60 58 60 172 118 92 255 255 255 158 230 208 126 98 252 255 255 255 255 255 250 192 124 144 226 255 255 128 56 18 20 24 24 20 32 36 84 130 96 28 16 22 18 30 60 40 38 14 28 34 26 6 255 255 255 255 86 190 122 48 130 252 188 196 255 232 34 158 242 122 238 130 20 176 255 255 84 42 24 32 16 18 36 60 94 138 160 140 86 78 178 112 255 255 255 122 108 38 14 2 28 255 255 232 255 255 255 255 255 228 0 
0 208 202 114 32 16 36 12 8 24 20 18 24 10 36 14 10 50 6 255 255 255 198 255 255 184 158 116 98 10 80 232 255 255 255 255 255 255 255 255 255 255 255 255 100 36 14 6 4 12 32 46 68 114 94 24 10 34 56 58 90 108 82 102 78 64 38 12 34 24 255 255 255 54 150 134 128 64 82 56 246 255 240 60 255 116 244 255 68 14 130 255 255 220 164 152 148 154 178 222 255 255 255 248 198 108 22 118 128 255 170 126 255 255 160 34 16 4 150 255 166 255 126 255 255 200 255 0 
0 88 166 196 96 18 44 34 16 30 20 26 12 12 44 18 8 42 132 255 255 255 166 255 90 112 86 100 104 58 128 255 255 255 255 74 128 246 46 255 255 255 240 120 42 14 24 16 18 16 38 66 98 100 44 2 22 60 90 96 108 70 42 74 106 110 84 32 48 16 94 255 255 255 255 255 255 246 78 194 255 255 78 200 208 152 255 164 20 8 110 255 255 238 255 255 255 255 255 255 255 255 255 255 228 104 18 86 142 216 94 255 188 255 242 52 26 18 216 255 110 255 216 255 255 164 36 0 
0 8 46 152 166 68 44 22 8 18 10 32 6 16 50 18 14 28 255 255 80 255 250 255 166 136 132 84 12 100 60 132 255 255 255 255 255 255 255 255 58 156 128 82 20 12 22 26 18 10 38 84 100 56 12 18 46 86 98 96 60 50 10 76 62 100 112 90 44 6 32 255 255 255 255 250 244 255 104 255 255 214 76 234 36 255 244 78 20 8 92 255 255 66 248 252 255 140 255 212 102 90 108 255 255 164 50 44 168 116 168 180 66 255 214 36 24 20 255 255 160 136 255 255 154 26 38 0 
0 4 6 78 162 118 52 24 24 34 26 30 24 22 36 22 26 42 255 255 192 198 255 144 240 138 126 60 52 36 136 114 30 178 255 255 255 190 255 255 255 255 188 116 16 16 8 18 4 10 30 96 96 34 8 20 54 86 78 58 12 42 94 158 76 96 88 104 84 28 8 230 255 86 156 86 128 198 140 255 255 182 126 200 255 255 102 54 26 14 88 255 255 176 255 255 255 255 255 255 255 255 255 255 255 255 255 126 150 32 116 36 190 255 196 40 24 58 255 244 170 32 255 255 224 204 172 0 
0 2 10 52 138 114 46 22 12 22 20 22 24 16 34 24 20 180 255 255 255 80 255 114 166 228 70 54 46 68 196 106 142 70 42 78 94 14 255 255 246 236 214 152 40 16 2 14 16 20 30 100 104 36 8 34 80 78 34 60 80 36 250 255 255 255 226 198 128 42 22 114 255 218 124 30 84 82 76 255 255 168 134 184 204 82 38 52 28 28 98 214 255 255 192 255 255 120 184 148 255 255 255 150 52 118 255 255 106 92 96 76 146 174 160 48 20 196 255 64 255 116 255 255 204 255 255 0 
0 6 12 48 146 104 28 16 6 12 16 22 18 10 26 24 36 255 255 170 255 250 255 162 116 230 128 4 78 100 122 44 92 54 120 126 156 80 220 124 36 255 255 78 46 10 14 30 26 22 22 96 112 14 80 118 102 46 10 30 10 218 255 255 255 255 255 255 255 102 26 48 255 255 94 38 212 170 164 255 240 92 78 92 68 70 22 52 24 20 96 152 255 255 166 64 88 74 142 82 148 78 34 80 94 96 214 255 248 146 80 80 126 182 186 64 40 255 255 148 216 16 142 255 255 255 255 0 
0 2 14 126 198 98 28 20 18 2 32 14 16 8 22 16 52 255 255 116 186 255 116 96 132 12 150 76 86 124 104 82 36 34 38 66 136 255 255 178 172 255 234 10 44 6 20 24 12 24 28 82 114 210 255 255 254 136 100 190 255 255 255 255 255 255 255 255 255 188 32 38 255 255 250 234 176 74 255 255 116 24 76 46 34 80 50 58 30 14 90 94 192 255 255 54 44 70 158 74 156 44 66 20 30 64 164 226 255 255 72 64 86 174 172 74 222 255 255 198 236 148 80 122 255 255 255 0 
0 16 90 210 184 56 32 30 8 26 36 6 24 10 18 8 182 255 255 254 255 255 112 128 94 140 30 188 84 178 56 36 170 210 172 194 255 255 255 198 210 255 130 20 32 18 12 16 12 36 34 74 60 255 255 255 255 255 255 255 255 255 255 246 142 170 200 255 255 214 34 36 255 255 164 104 228 255 255 244 34 92 154 92 2 32 46 52 34 22 98 74 76 255 255 96 150 74 210 126 200 26 28 56 66 100 160 44 186 255 255 200 122 214 132 252 255 255 140 154 218 186 142 130 234 188 42 0 
0 92 170 190 90 14 12 8 24 40 22 18 18 6 34 64 255 255 255 200 238 255 152 166 144 188 170 88 248 232 90 120 192 130 102 160 244 180 128 238 204 186 56 42 36 28 6 10 32 38 24 64 82 255 255 230 255 255 255 255 255 255 78 50 126 124 106 255 255 230 22 56 204 255 255 255 255 255 232 22 255 176 255 116 4 4 12 12 10 22 110 88 30 255 255 82 138 255 255 255 236 52 26 152 122 130 176 64 194 255 255 106 184 98 224 255 255 150 78 72 176 196 170 200 255 248 62 0 
0 142 152 106 32 12 10 4 18 30 10 24 24 14 22 255 255 255 160 24 36 14 18 24 104 166 106 218 255 192 110 100 44 110 148 108 166 136 72 38 72 80 44 42 34 38 24 6 26 20 14 56 74 255 255 150 94 58 74 84 48 64 114 118 116 80 80 255 255 248 32 255 255 26 118 144 94 32 108 255 255 255 255 122 2 4 12 14 14 12 92 128 94 255 255 90 194 255 162 255 255 70 66 180 104 118 190 190 248 242 255 255 88 156 255 232 88 70 126 114 134 178 174 206 255 255 100 0 
0 132 114 62 24 12 8 16 20 28 10 26 34 30 56 255 255 255 52 34 14 30 30 26 6 22 88 254 230 38 90 80 88 114 174 255 255 208 182 108 28 32 30 34 34 26 32 14 18 28 18 50 60 255 255 134 116 124 98 82 56 52 50 26 22 44 80 255 255 255 172 255 255 255 182 198 170 250 255 255 255 255 255 102 10 16 12 12 6 18 30 88 78 238 255 178 158 238 70 255 255 96 100 104 10 48 110 210 206 80 255 255 255 230 172 152 110 70 78 72 62 98 170 254 255 255 164 0 
0 248 156 86 16 6 6 12 38 40 4 44 36 30 210 255 255 162 48 56 50 70 58 30 12 34 82 255 255 255 196 152 22 80 16 174 250 222 160 112 22 32 20 42 32 20 30 16 18 30 24 34 82 255 255 128 82 76 50 28 28 18 52 52 40 48 90 196 255 255 224 255 255 255 255 255 255 255 255 255 254 255 255 50 10 14 10 22 18 42 42 38 36 114 255 255 138 255 255 230 255 108 102 106 68 66 66 182 162 32 255 255 176 174 88 112 158 170 188 228 196 126 14 212 255 232 190 0 
0 250 255 164 16 14 8 16 48 28 16 38 22 10 255 255 255 30 8 20 22 46 48 34 20 60 24 96 214 226 160 255 255 255 255 255 255 255 255 138 56 22 14 36 10 26 24 16 22 22 22 16 116 255 255 255 255 234 166 96 92 100 196 255 255 255 255 178 150 255 246 255 255 255 255 255 255 255 255 208 255 255 255 10 20 30 40 52 66 78 70 64 58 58 230 255 255 208 255 255 255 142 76 170 138 106 112 212 190 92 255 184 62 88 202 255 255 255 255 255 255 255 196 255 255 255 255 0 
0 76 248 192 28 28 4 24 42 16 32 60 64 96 255 255 200 10 10 32 16 32 14 18 38 90 28 44 168 96 246 255 255 255 255 255 232 86 255 130 160 82 52 40 2 32 28 10 26 38 34 10 158 218 208 255 255 255 255 255 232 255 255 255 255 255 255 255 92 255 208 255 30 255 248 160 192 172 128 166 255 255 140 50 72 76 84 84 62 42 36 28 34 28 56 255 255 255 224 255 166 180 114 92 48 32 50 140 132 154 255 255 162 255 255 255 188 200 192 210 250 255 254 42 255 255 255 0 
0 255 255 138 20 28 16 40 46 44 60 74 74 190 255 255 112 6 10 12 36 28 14 20 72 88 92 68 136 184 255 255 255 214 108 255 255 255 255 106 144 150 126 102 50 12 30 24 22 28 22 6 164 255 144 174 48 170 255 255 148 255 255 110 128 188 255 255 192 255 118 206 90 255 255 50 32 28 40 255 255 255 40 104 98 78 72 52 46 32 22 40 32 42 50 136 255 255 42 220 52 232 90 22 12 28 50 28 36 92 255 255 255 255 234 108 46 94 124 126 136 206 234 132 88 200 224 0 
0 255 182 24 12 22 24 52 76 76 60 46 34 255 255 255 68 18 2 26 22 26 52 30 78 70 24 110 90 255 62 255 255 164 240 255 255 255 255 70 40 94 116 130 122 60 58 30 12 26 36 20 150 255 226 255 255 255 255 255 255 255 255 255 255 255 255 255 80 184 72 170 228 255 255 32 4 16 98 255 255 234 102 78 44 24 20 16 32 36 26 30 2 30 68 48 255 255 192 255 186 222 98 42 54 76 64 20 32 8 250 255 255 138 50 6 36 100 136 118 94 132 180 186 74 120 120 0 
0 255 92 30 10 16 18 40 56 42 12 10 92 255 255 255 124 100 64 30 8 32 30 54 132 255 242 108 255 204 254 255 255 146 244 255 255 255 255 76 20 30 50 68 98 84 60 34 16 12 38 26 80 255 255 162 255 216 255 255 255 255 255 255 184 208 200 24 142 255 255 255 255 255 58 34 26 28 255 255 255 38 78 32 26 14 8 20 22 10 2 18 20 18 62 132 255 255 255 54 204 182 114 38 24 40 20 28 30 22 166 255 255 140 72 148 255 255 255 255 255 208 98 202 226 255 222 0 
0 158 62 28 12 26 24 58 80 60 24 122 255 255 255 158 120 116 122 118 116 106 204 255 255 255 255 255 255 62 255 255 255 255 255 255 255 255 255 124 46 24 32 36 30 22 30 46 36 8 30 24 28 255 255 255 86 168 136 202 112 64 106 166 208 160 6 156 150 255 255 255 255 255 36 22 4 86 255 255 255 52 38 16 24 22 14 12 10 8 4 2 8 6 46 244 255 255 244 255 62 80 94 38 6 48 66 58 38 34 106 255 255 172 84 255 255 255 255 255 255 255 126 206 254 206 138 0 
0 100 48 28 20 20 14 30 52 48 16 255 255 255 206 86 32 28 122 240 255 255 255 255 255 255 255 255 255 128 188 255 255 255 255 255 255 255 255 154 60 64 16 46 34 14 12 18 40 34 14 8 54 128 255 255 180 18 32 140 102 82 92 66 20 60 122 122 104 180 255 182 255 255 6 8 22 232 255 255 124 44 24 22 40 26 6 8 24 14 4 6 16 8 26 255 255 220 56 255 255 124 48 56 68 52 8 30 10 24 76 255 255 148 206 255 255 250 160 152 204 255 255 255 188 24 124 0 
0 186 80 36 26 18 32 40 50 74 24 255 255 255 174 164 86 82 148 255 255 255 255 255 255 138 162 255 255 255 100 255 255 154 255 255 178 255 255 134 46 80 34 42 44 14 20 8 20 34 36 38 80 78 255 255 255 54 44 128 110 100 88 62 90 82 100 106 110 42 255 214 255 255 26 22 136 255 255 255 42 10 24 6 24 8 20 24 36 36 16 16 14 10 12 255 255 192 192 156 255 255 255 100 18 62 70 38 42 18 90 255 255 114 255 255 252 92 46 34 38 188 255 255 255 255 150 0 
0 214 180 148 66 14 24 24 56 98 46 255 255 78 94 54 44 98 200 255 255 255 200 72 6 20 38 255 255 255 150 255 255 204 255 255 68 255 255 92 22 76 72 66 58 18 22 16 10 20 20 26 64 36 255 255 255 96 30 128 224 255 126 72 36 52 126 174 118 164 255 255 255 255 118 110 255 255 255 160 48 20 40 14 24 14 30 24 30 40 14 18 12 18 28 255 255 166 200 255 255 255 255 255 208 126 56 14 18 22 134 255 255 58 255 255 154 174 255 255 226 108 24 148 255 255 255 0 
0 88 94 148 94 18 24 24 58 82 52 255 255 255 255 255 255 255 255 255 255 180 78 42 4 8 10 94 255 255 255 255 255 172 255 255 222 255 255 54 24 46 48 58 42 20 22 34 34 26 26 18 40 14 186 255 255 228 122 206 255 248 240 90 102 122 166 202 44 255 196 255 255 255 255 255 255 255 255 62 24 28 48 18 16 4 24 8 18 32 16 20 8 24 54 255 255 152 200 255 255 255 255 255 255 255 156 76 56 56 170 255 255 202 255 255 255 230 255 255 255 255 230 52 140 170 148 0 
0 255 34 120 74 10 20 28 52 74 50 255 255 255 255 255 255 255 255 255 255 60 94 26 8 8 18 16 214 255 255 255 255 116 255 255 255 255 255 30 30 20 24 26 28 6 14 38 64 42 48 42 66 58 102 255 255 255 174 196 114 148 254 186 244 180 208 174 156 255 222 255 255 255 255 255 255 255 44 82 34 12 52 22 20 12 28 6 18 26 8 18 20 20 68 255 255 78 255 255 210 255 255 254 255 255 152 54 12 128 188 242 255 255 96 255 255 200 255 146 144 232 255 20 255 255 226 0 
0 255 130 146 70 10 18 26 42 72 60 34 96 126 130 128 114 96 82 48 24 74 82 22 16 10 22 6 54 255 255 255 192 74 156 255 255 255 255 56 34 38 42 48 72 56 68 114 114 74 60 66 82 62 44 212 255 255 90 106 54 156 220 164 92 74 156 40 255 255 132 255 255 114 255 255 250 68 24 78 74 64 84 64 36 28 34 8 18 36 32 36 24 28 76 255 255 66 255 255 90 255 126 255 255 255 255 255 255 255 226 158 246 255 228 202 255 255 255 255 255 255 178 126 255 255 255 0 
0 255 255 136 34 20 26 32 42 70 58 16 10 10 12 18 12 2 4 6 24 80 82 26 28 20 30 10 28 46 96 80 50 60 54 255 255 255 255 104 96 118 104 110 118 106 114 126 94 50 34 42 36 16 18 88 255 255 62 78 40 92 96 150 160 142 104 255 255 255 110 255 255 106 22 12 6 10 6 26 50 68 88 98 92 84 90 78 48 14 8 6 18 26 82 255 255 210 255 255 56 255 104 255 255 255 255 255 255 255 255 255 255 255 204 255 255 255 132 255 192 210 22 136 142 255 222 0 
0 255 255 72 18 32 28 40 48 66 54 14 4 6 4 6 12 10 4 8 26 84 86 36 30 12 28 6 30 6 2 20 16 60 68 255 255 255 255 76 86 96 70 64 62 56 46 34 14 6 8 6 6 8 16 34 255 255 132 190 214 255 255 255 150 178 255 255 255 116 148 255 255 84 14 30 8 12 4 6 10 24 22 30 50 60 76 92 104 98 58 26 24 24 92 255 255 255 255 255 72 255 90 255 172 200 255 255 255 255 255 255 255 255 138 255 255 234 200 254 150 130 86 72 118 255 255 0 
0 255 255 244 2 14 24 34 38 52 54 26 10 8 12 12 12 10 12 8 26 86 82 26 22 8 24 0 30 12 10 24 22 62 68 120 208 238 80 10 18 4 6 10 6 8 4 6 6 2 4 2 6 2 12 20 255 255 178 152 78 100 84 146 228 138 255 255 100 8 255 255 255 40 14 20 22 10 2 6 4 18 14 10 6 6 18 20 48 86 90 64 30 24 108 255 255 255 255 224 94 255 118 255 148 8 6 12 26 32 26 20 6 8 84 255 255 255 255 170 106 182 162 72 18 158 255 0 
0 255 255 255 18 6 22 46 52 56 60 24 2 2 6 10 2 10 8 10 30 90 80 18 12 12 16 12 22 14 8 4 12 36 54 54 34 8 12 4 6 2 6 4 12 8 10 10 14 12 4 0 6 16 22 14 214 255 255 170 136 255 255 255 255 255 255 122 24 14 255 255 255 6 18 14 18 22 20 20 12 10 24 18 8 8 14 8 8 22 56 86 60 22 96 255 255 255 255 202 50 255 72 255 124 16 12 10 18 12 6 2 6 6 18 232 255 255 255 154 58 126 172 138 34 98 164 0 
0 255 255 255 30 18 50 76 58 50 50 12 8 8 4 4 4 8 4 4 24 86 84 38 16 6 8 20 16 24 4 10 34 60 74 62 26 12 2 6 2 6 6 6 8 12 6 14 4 16 14 10 6 16 18 12 108 255 255 214 255 255 255 220 255 255 255 154 32 30 255 255 255 26 20 14 12 12 24 38 36 18 12 20 18 16 22 12 14 4 8 58 80 10 80 255 255 255 255 62 110 255 56 255 110 6 14 6 14 4 6 6 10 6 14 84 200 255 255 255 156 40 116 116 18 106 148 0 
0 255 255 255 32 28 64 70 42 44 44 16 12 2 4 4 8 6 4 2 26 88 118 48 22 10 16 34 28 46 26 76 110 116 96 50 14 10 6 6 4 10 10 10 8 10 4 14 10 22 18 8 10 10 12 26 52 255 255 255 255 255 255 172 255 255 255 255 78 46 255 255 184 14 6 2 12 16 14 22 30 28 16 4 10 4 8 8 6 6 12 28 94 60 70 255 255 255 255 114 182 255 104 255 112 20 20 12 22 12 10 4 10 14 24 24 64 216 255 255 182 182 162 72 56 188 180 0 
0 255 255 255 26 38 48 38 38 36 34 18 6 10 8 4 12 2 8 6 16 62 122 100 18 26 16 38 22 52 68 130 114 78 34 22 10 10 8 8 6 4 10 12 18 16 10 10 0 12 18 14 6 10 16 20 22 255 255 255 255 255 255 255 255 255 255 255 255 46 255 255 192 46 32 14 16 14 6 8 8 18 24 22 16 12 2 4 10 0 18 24 80 114 110 255 224 255 244 138 164 255 126 255 74 10 10 12 8 10 2 4 0 2 16 12 20 136 255 255 255 236 86 182 255 255 164 0 
0 255 255 228 28 52 36 18 42 68 64 30 4 4 2 14 8 10 8 14 24 52 72 104 48 26 4 36 8 34 100 102 40 18 16 24 14 4 4 6 2 4 12 10 16 24 20 2 2 8 6 12 20 10 32 26 24 255 255 255 255 255 255 255 255 255 255 106 198 255 255 255 232 58 42 28 10 4 4 2 8 16 22 12 4 8 4 10 4 10 22 38 42 112 152 255 162 255 108 76 222 255 255 255 40 20 22 16 10 4 4 4 6 8 12 6 6 100 255 255 255 208 255 255 255 190 122 0 
0 255 255 164 38 48 34 30 28 44 58 30 8 4 10 14 4 10 14 16 42 66 34 72 72 20 14 40 46 62 84 40 14 18 12 22 14 8 10 12 12 6 10 12 2 10 20 18 2 6 2 8 24 8 18 22 24 240 255 255 255 255 142 164 255 255 84 250 202 255 255 255 232 26 42 34 12 2 6 8 8 8 16 24 20 10 8 12 4 14 24 26 6 40 130 255 140 238 124 88 120 255 255 255 18 2 6 8 6 6 6 6 12 4 4 6 6 62 255 255 255 255 255 255 152 138 255 0 
0 255 255 80 22 40 48 48 50 64 60 24 6 2 8 16 12 8 12 14 34 54 16 36 72 50 42 78 112 84 44 14 16 18 10 32 20 6 14 10 12 12 12 12 2 6 10 22 16 12 10 16 24 16 26 18 14 86 255 255 152 192 18 40 255 255 255 64 255 255 255 255 86 44 34 36 20 14 12 16 18 14 6 30 12 20 12 6 10 16 16 24 22 24 62 248 162 88 60 126 6 108 142 108 14 10 8 8 10 12 20 14 10 14 8 12 4 12 104 224 255 218 164 122 160 255 255 0 
0 255 255 28 34 66 70 42 24 18 22 20 16 14 28 26 6 2 4 2 28 70 42 26 66 82 84 102 86 38 20 16 14 16 28 32 10 6 14 4 10 16 16 12 12 14 14 16 18 12 12 24 24 48 56 48 28 18 252 255 255 224 40 28 82 255 255 204 255 255 255 38 14 22 12 36 18 36 18 4 2 12 8 32 18 18 4 2 6 20 16 16 8 8 26 106 148 146 104 124 6 28 62 44 24 16 24 8 10 8 16 26 6 12 16 16 6 6 10 14 90 184 254 255 255 255 224 0 
0 255 255 12 54 80 34 14 28 34 28 16 14 12 18 12 12 4 6 10 12 50 54 42 50 50 52 34 18 26 6 12 4 10 32 26 14 16 12 4 8 6 4 10 12 8 14 18 18 8 10 30 22 48 36 42 44 26 80 255 255 255 255 100 80 255 255 255 255 255 212 18 28 58 38 52 12 38 28 20 18 26 16 34 24 4 8 6 8 18 12 22 22 20 6 20 54 90 18 80 56 34 64 48 18 10 24 8 8 4 6 20 12 18 22 12 10 10 20 48 255 255 255 255 255 242 102 0 
0 255 194 18 72 50 32 36 40 40 36 14 8 10 8 14 4 4 0 8 4 16 22 22 18 6 14 18 6 16 20 6 6 12 28 24 20 12 4 6 8 8 6 10 6 4 10 20 18 8 16 22 8 28 18 16 36 40 14 102 255 255 255 255 240 255 255 255 255 255 56 26 12 18 46 56 12 24 20 18 22 22 18 20 18 10 6 14 12 16 4 12 28 16 10 12 24 128 255 255 255 60 64 44 14 20 22 30 6 4 4 10 6 6 12 6 4 4 16 102 255 255 255 255 164 168 112 0 
0 255 122 40 54 42 40 42 56 64 58 20 8 14 4 12 12 10 6 10 6 12 10 12 6 14 22 10 6 8 20 12 8 10 20 20 10 10 8 4 6 8 4 8 8 10 10 18 28 24 16 22 6 26 20 6 14 32 20 6 60 198 255 255 116 140 255 255 255 240 10 34 62 58 36 38 14 18 16 16 22 8 28 34 16 4 6 10 6 14 4 6 6 16 20 12 24 146 255 88 255 118 60 34 6 32 12 32 28 8 6 8 12 12 18 10 6 10 2 132 255 255 134 86 36 104 74 0 
0 255 74 52 46 6 24 22 36 58 58 16 8 12 8 4 10 10 16 8 8 12 14 8 2 6 22 24 6 8 16 18 14 12 14 18 8 2 6 10 12 10 6 10 16 14 8 6 14 20 20 30 8 30 30 20 24 26 28 28 50 120 254 255 162 122 255 255 255 30 64 74 66 28 20 28 18 14 6 4 8 6 34 28 4 6 6 10 4 10 12 8 28 30 12 6 18 70 255 255 255 108 32 12 10 24 34 8 20 22 6 6 12 6 12 14 14 16 4 128 255 255 18 28 40 30 32 0 
0 255 48 56 42 20 24 28 46 70 66 10 4 14 10 2 6 16 18 2 12 18 18 12 12 12 10 20 22 10 12 10 6 10 14 16 14 10 12 16 18 12 16 20 22 10 4 10 10 14 18 44 24 40 42 40 42 44 38 26 20 74 255 255 192 208 255 222 16 64 64 34 12 42 38 40 28 20 10 8 10 12 40 22 2 4 10 16 10 0 2 22 26 8 16 24 18 12 28 46 54 36 22 8 6 14 14 24 18 12 12 8 8 14 26 24 14 8 10 122 255 255 74 10 32 4 12 0 
0 255 30 36 18 14 22 50 66 64 44 2 2 16 12 6 16 12 2 8 6 16 14 4 8 6 12 20 24 24 18 22 22 26 18 16 18 6 8 12 10 22 18 14 30 14 12 8 4 16 26 48 22 18 16 12 10 8 12 26 28 14 192 255 255 255 255 100 58 48 12 8 12 34 24 36 34 12 6 6 14 20 44 24 12 12 20 16 20 14 22 32 14 8 16 8 24 24 16 24 28 14 12 12 8 10 8 12 18 8 14 14 8 14 26 16 2 4 8 64 255 255 138 12 28 22 255 0 
0 106 50 52 38 28 24 28 28 24 24 6 2 12 16 16 14 6 12 10 12 12 8 4 10 12 12 18 10 6 12 22 20 26 26 12 18 12 2 10 14 16 32 12 24 10 8 4 6 6 24 32 18 52 50 50 48 44 54 54 44 50 24 255 255 255 255 14 32 22 22 18 10 20 22 20 26 2 6 8 10 18 40 24 18 14 24 20 14 18 22 16 8 14 16 30 16 16 24 26 30 22 10 14 6 10 8 20 2 12 10 20 8 16 30 10 14 8 4 20 255 255 246 24 34 242 255 0 
0 80 98 78 50 36 32 6 42 46 42 22 2 4 14 12 6 6 6 18 14 10 8 2 10 20 12 10 12 8 8 8 8 14 30 22 20 16 6 4 18 8 16 4 20 4 4 2 4 0 18 28 44 58 40 34 38 40 38 28 18 32 50 76 192 212 94 36 34 40 42 46 40 38 38 32 38 6 12 4 12 22 44 26 12 8 16 10 6 16 8 2 8 10 14 4 24 32 6 12 26 28 16 10 4 16 10 16 18 2 4 12 16 12 26 16 22 16 12 16 255 255 255 44 210 255 255 0 
0 122 62 28 8 18 34 20 22 38 44 34 16 6 2 2 4 10 18 20 6 4 8 14 12 10 14 6 8 12 6 2 6 16 18 18 20 16 6 6 12 16 22 10 18 8 2 4 10 6 16 16 38 28 2 4 2 10 12 10 8 6 12 16 8 14 4 20 22 20 12 8 8 14 28 34 42 10 16 4 16 30 46 20 2 22 30 16 4 12 16 8 16 14 4 14 12 22 16 6 20 28 18 10 12 2 20 4 18 10 6 10 8 4 16 8 14 14 12 12 146 255 255 192 255 255 255 0 
0 32 48 68 66 36 34 30 10 32 38 24 8 8 12 8 12 14 16 8 8 6 10 4 14 0 14 14 8 6 6 2 4 20 24 28 30 20 10 18 16 18 14 2 16 14 8 8 10 12 12 14 34 22 8 10 6 6 10 10 10 8 32 24 10 30 46 38 32 50 58 44 34 40 34 26 50 12 18 10 18 34 48 16 20 36 22 14 14 6 4 4 16 18 6 16 14 20 16 8 10 8 10 6 16 30 8 16 12 10 8 2 4 4 10 2 10 2 14 10 58 255 255 255 255 255 66 0 
0 64 88 66 86 76 52 42 28 48 38 20 8 10 8 10 16 14 6 6 6 8 12 2 14 12 8 14 14 10 6 4 6 22 18 22 20 12 16 14 18 26 22 8 12 16 12 6 2 12 18 20 38 22 14 16 18 12 8 8 12 30 42 14 30 42 34 46 44 52 24 14 18 30 36 22 60 22 10 12 2 46 42 10 22 20 6 18 10 2 4 4 18 16 8 4 4 14 20 4 10 8 12 6 16 16 20 4 6 14 12 4 0 6 4 6 6 6 2 6 24 255 255 255 255 56 14 0 
0 72 54 16 32 48 40 24 34 42 30 18 10 16 16 12 14 16 2 10 10 10 8 8 22 8 6 10 2 6 8 10 14 18 22 20 18 16 10 12 10 20 36 16 20 22 8 4 4 20 28 36 50 10 4 4 8 4 2 6 10 14 32 16 44 28 10 10 12 6 28 40 28 26 34 16 50 20 2 4 16 58 38 10 18 10 8 14 8 4 6 10 24 14 6 2 4 14 16 10 8 16 16 10 14 10 12 6 4 10 8 6 8 10 2 0 4 10 10 8 4 66 118 120 46 14 14 0 
0 66 42 8 34 46 58 66 56 28 28 18 6 14 12 2 8 16 4 14 14 4 2 12 14 10 8 6 20 24 34 56 52 34 22 28 18 12 6 8 2 18 30 6 30 22 6 6 8 20 24 24 60 38 8 14 20 12 10 10 10 34 32 12 24 12 18 18 24 28 44 26 6 20 32 26 50 18 8 8 22 52 22 20 16 2 18 22 10 8 12 14 18 4 8 2 4 12 8 10 2 12 6 16 12 6 8 10 6 2 10 20 6 12 2 8 10 8 10 12 12 6 6 18 20 12 8 0 
0 62 10 80 90 84 66 42 26 20 24 12 18 24 22 12 10 16 4 14 12 18 28 34 30 28 40 50 52 44 56 72 64 58 16 20 18 14 8 8 8 22 24 8 26 26 12 10 6 16 18 8 42 46 16 14 12 0 6 10 12 24 14 24 30 16 8 10 12 16 12 16 18 26 44 30 38 16 12 10 22 42 24 24 12 14 20 10 4 2 8 10 14 10 2 8 12 16 8 10 10 18 8 2 14 6 4 10 6 6 8 8 10 6 8 4 2 6 10 12 26 38 26 20 14 6 8 0 
0 16 86 94 44 2 40 58 62 50 24 6 22 24 36 38 34 40 36 46 60 74 82 82 80 72 58 36 18 10 30 34 36 52 16 12 16 18 4 18 24 26 24 12 20 32 14 12 14 14 16 6 26 36 28 8 20 10 8 4 6 20 24 26 40 32 34 10 6 14 34 34 32 30 44 4 36 12 2 6 34 48 12 12 10 14 10 8 14 12 8 4 6 8 12 4 8 16 18 16 16 10 6 14 2 10 12 14 10 8 10 6 14 6 14 8 2 16 10 4 18 14 20 6 2 16 24 0 
0 62 54 26 40 60 72 60 60 74 36 8 18 12 20 26 44 62 58 52 56 64 68 64 54 48 48 28 12 10 34 38 24 38 16 12 12 18 10 8 12 22 26 14 22 30 18 28 12 10 20 12 28 36 46 30 14 2 4 8 10 16 26 6 56 20 22 6 4 18 26 12 24 24 44 22 44 20 2 14 44 42 12 10 8 14 8 12 2 18 18 14 14 18 22 18 6 4 12 16 18 4 10 2 14 8 16 12 6 2 4 2 8 8 12 6 6 12 10 20 34 24 14 8 12 24 20 0 
0 40 4 40 38 28 14 28 58 82 40 12 18 12 14 14 26 30 14 10 10 18 16 12 4 14 30 36 32 24 10 36 30 38 8 4 8 18 10 2 4 18 34 22 22 18 6 12 8 14 24 12 20 14 24 32 26 10 12 14 10 8 14 12 22 36 18 4 20 24 8 12 24 46 68 12 40 22 14 28 48 22 20 14 12 8 10 12 4 8 18 20 18 40 48 54 40 28 16 4 16 14 6 10 12 14 12 14 8 12 10 8 10 16 12 4 6 12 12 4 12 18 20 14 20 18 18 0 
0 18 20 28 16 14 8 22 44 42 26 12 18 18 16 14 10 26 22 8 8 16 20 24 18 22 20 18 18 22 12 10 12 20 6 6 8 10 4 4 8 2 22 16 12 14 16 14 12 22 24 22 22 8 8 18 26 12 10 12 16 20 6 14 24 26 22 30 44 26 16 28 52 68 52 18 40 14 16 32 44 4 22 8 12 12 10 6 6 12 14 14 16 52 46 68 74 80 68 36 8 14 12 16 10 12 4 8 2 4 0 4 2 6 0 6 6 6 10 18 20 14 4 12 12 12 10 0 
0 40 30 16 22 12 10 28 48 40 18 6 26 14 10 18 8 8 16 18 18 12 10 12 8 8 16 20 12 12 8 16 24 22 6 18 26 16 10 2 8 2 14 10 10 10 20 8 16 22 14 10 14 14 8 12 20 14 24 30 14 4 8 30 42 34 16 16 14 28 48 66 68 48 24 26 50 24 12 32 30 8 16 12 8 8 10 16 14 10 8 6 22 50 28 26 36 60 70 64 42 10 6 6 10 2 8 8 14 6 10 2 2 4 8 10 16 12 12 8 16 16 16 10 4 16 14 0 
0 10 20 6 18 8 8 16 54 60 28 16 22 8 6 18 12 10 6 10 18 10 8 6 8 4 16 20 4 10 6 14 32 30 6 22 16 8 12 6 14 8 12 8 16 14 32 10 22 28 26 18 16 22 6 14 22 12 0 24 26 22 18 60 112 104 62 12 28 52 64 54 20 16 10 16 40 24 12 38 18 12 10 10 8 8 6 10 6 2 4 4 26 46 24 4 8 26 22 36 42 32 24 18 16 8 10 8 20 16 8 10 8 12 14 8 12 0 10 20 20 18 12 10 8 8 10 0 
0 22 16 10 4 14 28 48 56 34 12 22 28 10 6 12 18 10 12 22 24 4 8 2 4 10 24 26 14 8 28 30 26 18 8 22 14 20 22 12 12 8 10 8 14 12 38 22 20 36 18 28 38 20 12 12 18 12 20 32 24 10 12 46 88 58 100 16 18 40 46 40 38 48 50 10 38 26 30 46 10 14 4 4 4 4 4 4 4 2 8 10 30 50 38 18 20 32 32 32 14 20 26 26 20 14 6 10 8 14 4 8 2 6 8 6 14 20 20 16 12 16 10 6 8 18 14 0 
0 16 8 16 24 22 14 14 26 38 26 16 30 28 22 20 20 12 10 26 20 14 12 6 8 8 24 16 4 12 30 14 4 6 14 18 4 16 20 8 6 4 2 8 16 4 36 36 28 34 8 18 28 20 20 20 24 18 20 32 28 18 16 50 138 94 102 20 8 14 26 32 24 30 54 26 38 36 40 38 8 14 6 6 8 12 10 8 6 4 6 4 28 50 42 26 28 30 22 18 4 2 10 14 16 14 10 2 8 12 6 6 8 10 14 12 14 14 4 4 2 12 8 4 4 6 8 0 
0 16 14 20 12 4 12 16 14 28 20 42 50 36 22 14 12 16 18 18 4 6 4 6 6 10 22 32 22 10 10 14 14 6 10 20 8 22 16 10 2 4 6 8 18 12 20 28 10 20 8 18 30 34 30 30 34 26 28 42 32 18 20 20 60 58 66 30 28 40 30 22 20 24 38 26 22 24 28 22 20 16 4 4 4 2 4 2 10 10 4 4 12 38 34 12 16 20 14 16 8 2 8 10 12 10 8 8 8 4 8 0 12 10 10 12 4 16 10 12 8 14 4 12 14 16 2 0 
0 12 12 4 10 2 12 22 22 20 40 58 28 6 10 12 10 14 16 20 20 14 12 12 10 72 106 122 52 10 6 10 20 12 6 14 14 18 22 12 12 8 10 14 18 2 18 22 4 22 22 16 20 22 22 18 18 8 6 16 20 18 20 16 22 26 28 26 18 18 10 14 10 18 30 16 18 12 24 8 12 6 6 6 2 8 4 6 10 4 12 4 8 32 30 12 28 28 16 12 12 10 8 8 16 12 8 8 4 0 6 12 8 4 4 8 8 22 12 6 0 8 8 20 14 24 22 0 
0 8 12 6 10 4 4 8 12 18 42 26 16 4 4 8 12 20 26 26 22 18 16 16 18 158 220 255 158 14 4 6 16 8 6 18 16 8 10 8 16 8 12 22 24 10 20 24 10 16 16 22 30 28 24 16 10 4 2 10 8 0 6 4 4 14 8 12 6 8 14 20 16 20 30 16 22 6 22 8 14 16 10 10 8 12 6 4 12 10 10 10 10 32 20 20 32 20 14 18 24 14 10 24 26 8 2 8 6 8 10 8 4 6 6 6 64 114 126 68 8 6 4 16 24 24 18 0 
0 12 6 12 4 14 16 4 8 10 20 12 12 4 10 4 4 12 10 16 14 14 16 10 8 172 255 255 255 44 12 8 10 6 8 16 8 12 4 2 6 2 8 16 24 10 16 26 12 14 6 12 20 14 6 6 4 6 14 22 20 0 8 6 16 26 28 14 20 14 10 6 18 36 32 8 22 2 16 2 4 8 6 6 2 6 8 6 4 4 4 12 10 36 16 24 16 6 10 18 12 4 14 32 20 16 8 8 10 14 6 0 2 12 8 24 255 255 255 255 200 24 24 34 40 40 40 0 
0 18 6 8 16 12 30 12 12 4 14 8 2 4 14 6 2 18 4 8 10 8 6 18 16 160 255 170 255 88 18 10 6 8 6 10 14 16 10 4 2 6 2 14 14 4 14 22 16 30 12 10 12 16 8 4 8 10 14 14 18 4 12 6 24 16 30 18 28 16 12 6 22 24 26 2 20 8 16 2 2 6 12 12 2 2 4 6 10 10 6 6 8 34 18 22 12 12 14 10 4 10 20 22 10 16 16 12 8 14 4 6 6 6 10 36 255 255 255 255 255 244 22 30 24 14 4 0 
0 34 12 14 6 26 22 8 10 8 14 12 2 6 14 6 4 16 4 12 12 10 12 18 8 108 255 146 255 114 32 18 22 22 8 10 16 14 12 8 10 2 10 16 14 6 10 20 24 32 12 12 10 20 16 8 8 4 4 20 24 6 12 10 20 30 4 10 20 4 10 8 20 26 32 16 14 6 6 8 6 8 2 16 6 6 2 4 8 10 16 12 10 18 14 18 14 12 12 12 10 12 12 10 10 2 6 8 4 16 8 14 2 8 10 22 255 255 255 208 255 255 255 100 24 42 42 0 
0 34 20 8 14 24 6 6 6 8 18 10 12 14 10 2 6 12 14 18 20 16 8 10 4 30 255 255 255 154 18 8 18 22 14 4 10 10 4 12 18 10 16 18 6 6 8 10 14 14 0 14 16 14 8 2 6 8 6 16 8 6 16 14 14 26 24 16 22 16 20 12 12 18 28 20 16 16 10 12 10 14 10 22 8 16 14 12 12 18 14 6 4 12 12 12 10 6 10 12 6 2 10 10 12 8 6 4 8 14 6 8 12 6 6 4 174 255 255 100 198 255 255 255 228 40 10 0 
0 36 26 26 32 26 14 16 14 14 12 10 16 12 8 8 4 16 24 20 12 10 10 4 4 20 138 244 152 255 72 12 12 18 10 8 12 12 12 6 8 4 14 10 0 2 6 6 10 6 6 8 14 20 14 12 6 6 10 12 6 8 20 12 10 26 34 20 14 12 18 24 24 20 24 12 8 12 12 14 2 10 14 10 8 14 24 18 12 0 4 2 10 6 12 10 18 12 20 8 10 8 10 12 14 8 8 6 6 6 14 6 10 16 10 12 200 255 255 144 108 140 255 255 255 255 72 0 
0 38 20 24 22 12 4 10 10 14 16 16 8 8 12 8 4 4 6 8 6 6 8 8 10 18 34 255 142 255 128 8 12 14 6 10 4 6 8 12 10 8 10 8 8 4 10 6 12 6 4 12 12 14 8 4 2 10 14 16 8 16 20 4 8 6 24 20 8 10 16 22 18 16 20 4 8 18 10 8 14 14 16 6 16 16 12 10 8 8 8 12 8 6 14 4 16 22 16 8 10 2 6 6 12 0 4 10 4 4 8 14 8 6 6 4 208 255 255 118 84 86 74 255 255 255 236 0 
0 28 12 20 12 4 4 10 10 6 8 14 10 10 10 6 6 6 6 12 12 12 12 4 2 26 32 255 210 255 130 6 4 8 8 14 6 10 8 4 4 8 6 6 12 8 2 8 16 4 16 16 12 16 10 4 6 8 4 18 10 16 10 8 4 28 32 12 4 8 6 12 14 8 14 6 4 14 14 22 20 6 12 10 16 12 6 16 6 10 10 8 4 4 8 12 18 20 22 24 14 8 10 12 14 10 8 18 6 8 8 10 16 8 6 4 162 255 255 255 238 160 86 26 255 255 255 0 
0 22 6 16 8 10 6 6 14 8 6 10 12 8 2 6 2 6 4 8 4 6 16 10 20 44 36 246 255 255 118 8 10 12 16 18 8 12 4 4 8 4 4 4 12 12 12 12 10 14 24 10 4 6 8 4 2 12 16 22 12 18 20 22 30 44 30 24 8 12 6 8 12 12 20 10 4 6 14 8 4 2 4 2 10 16 14 8 2 8 4 10 6 4 8 14 16 4 8 8 4 14 14 10 10 26 14 22 12 2 16 6 10 6 6 8 136 255 255 255 255 168 106 44 94 255 255 0 
0 16 12 14 12 8 10 10 12 6 4 18 20 6 8 4 2 8 8 10 10 8 12 10 42 46 14 78 120 128 52 8 12 14 8 12 8 12 6 2 12 12 6 2 6 8 10 12 14 18 16 10 10 6 6 6 6 2 6 20 16 18 20 20 30 16 20 12 4 12 14 10 10 10 8 18 6 6 4 10 8 10 10 16 16 16 12 4 6 22 14 12 8 10 10 12 10 14 8 8 6 4 14 14 2 14 18 20 10 8 10 12 12 10 10 6 108 236 255 255 236 156 108 54 58 255 255 0 
0 10 6 8 0 2 8 6 12 16 10 18 12 12 8 8 14 14 4 4 6 12 8 20 38 16 10 2 8 4 12 2 20 22 8 6 10 10 4 10 6 12 8 6 6 6 10 6 8 12 10 14 14 18 8 6 4 10 16 22 16 14 28 22 32 26 30 18 4 6 12 20 14 6 8 8 4 4 4 10 4 6 6 4 8 4 4 10 12 22 12 6 16 8 8 10 6 10 10 4 2 4 10 12 6 10 22 12 6 10 6 8 8 10 30 38 34 208 255 255 255 184 124 78 58 104 170 0 
0 10 2 8 6 8 10 6 4 2 12 20 24 10 6 18 20 10 12 6 10 8 14 34 26 10 10 18 8 14 18 16 14 34 12 6 0 8 12 8 0 4 2 4 6 4 12 6 20 18 12 8 12 6 12 12 16 10 12 10 6 10 22 20 26 26 22 30 20 8 8 10 20 6 4 4 2 2 8 2 14 14 18 16 10 10 20 10 10 18 16 10 8 4 4 12 12 2 8 2 8 10 12 10 4 6 8 6 16 10 16 4 44 176 255 255 255 255 255 255 44 158 244 184 68 54 174 0 
0 16 10 6 6 10 8 8 2 2 8 10 22 26 12 20 18 8 12 8 2 14 36 38 4 20 30 6 8 14 10 16 14 26 20 10 4 16 12 8 6 6 4 6 8 8 6 12 16 6 6 2 8 10 12 4 12 4 6 8 2 8 14 18 6 2 8 20 22 14 12 16 28 14 6 6 6 8 6 6 10 6 6 2 4 14 18 12 6 2 10 14 14 12 8 10 10 4 6 4 12 4 2 8 6 2 12 18 12 8 12 16 154 255 255 255 255 255 222 172 90 60 98 156 176 255 255 0 
0 16 20 16 14 12 10 14 18 16 20 20 18 26 22 20 14 14 10 10 20 38 44 16 98 108 138 82 68 28 14 24 36 24 4 6 10 14 12 8 10 12 4 2 12 0 10 2 6 14 14 10 8 18 18 20 28 22 18 20 10 4 12 18 18 26 24 10 8 18 24 28 32 16 20 18 10 4 2 4 8 8 8 6 4 8 16 12 8 4 10 2 8 10 8 12 8 4 4 12 10 6 4 8 8 8 16 10 8 12 2 32 190 255 242 174 150 122 194 255 255 96 108 132 255 255 110 0 
0 10 14 18 24 26 18 14 14 14 22 22 18 28 36 36 28 24 20 28 44 46 36 28 112 166 255 255 255 78 10 42 28 32 14 4 8 16 18 14 12 8 4 8 4 10 6 10 10 8 6 6 10 18 14 24 20 6 10 18 18 18 24 28 20 22 28 22 16 8 4 10 12 4 8 12 18 10 4 2 10 12 6 2 8 10 10 6 12 12 8 6 6 6 12 12 8 4 6 14 12 20 12 26 18 18 16 10 16 12 6 26 176 255 255 255 255 255 255 228 255 255 255 255 255 72 172 0 
0 6 6 12 12 14 6 6 10 12 6 12 12 16 26 34 28 20 26 44 54 32 16 30 134 230 255 255 255 78 22 38 34 30 14 4 8 8 12 4 6 6 2 8 4 14 6 8 8 4 2 2 6 6 6 10 8 18 8 10 14 16 2 16 6 14 10 10 26 42 36 32 28 20 24 18 12 8 12 6 10 14 14 6 2 12 6 4 10 4 14 14 2 10 10 14 10 2 8 14 6 14 4 18 10 22 18 16 14 8 8 28 110 230 255 255 255 255 255 194 194 255 255 255 186 242 255 0 
0 2 2 10 18 16 6 12 4 12 6 4 14 16 14 24 28 26 34 12 112 132 108 10 56 255 255 255 255 58 24 20 34 18 4 4 8 12 10 6 8 2 6 10 2 20 28 26 24 22 12 6 10 6 8 10 14 4 6 12 20 34 24 20 6 6 22 22 12 8 24 24 18 14 20 24 14 6 12 6 14 14 10 10 16 14 4 6 8 8 18 10 14 14 10 4 14 8 12 16 4 10 2 16 14 8 6 2 4 8 10 10 26 62 138 222 246 238 218 198 170 146 176 246 255 255 255 0 
0 12 14 16 14 2 14 16 6 18 18 16 6 14 8 14 22 24 14 224 255 255 255 40 50 204 255 255 190 44 34 12 12 12 12 4 6 10 24 16 2 12 6 10 16 30 30 16 14 22 16 8 12 8 2 2 6 12 8 10 14 22 20 32 70 68 22 22 24 26 28 18 2 4 8 12 10 14 8 16 14 18 30 38 24 18 8 6 6 4 18 14 16 12 4 4 10 14 12 8 4 4 10 14 4 10 8 6 2 4 12 10 10 14 10 40 48 56 66 68 64 34 66 110 122 78 26 0 
0 4 2 8 8 16 8 20 18 16 22 30 14 10 4 4 12 10 12 255 255 255 255 14 32 54 84 94 52 36 86 62 6 14 20 16 12 12 12 22 16 8 10 12 10 26 14 6 12 14 12 8 10 14 12 6 8 10 8 8 2 8 12 72 42 66 30 12 10 14 10 8 6 14 20 16 2 12 24 32 40 48 50 42 36 36 26 22 16 6 10 18 4 12 14 8 10 4 16 20 8 4 8 2 4 6 2 8 2 8 4 12 16 24 12 4 4 6 2 4 8 2 6 8 6 14 10 0 
0 8 10 18 14 6 8 18 14 8 18 20 6 2 6 6 6 2 14 255 255 255 255 14 20 14 18 12 82 128 116 88 14 10 6 18 8 6 4 10 22 24 12 14 14 24 6 10 10 14 14 2 2 6 8 6 8 12 12 16 12 8 64 164 78 108 24 6 6 4 2 4 12 20 14 8 30 44 50 62 74 60 34 22 30 38 40 46 40 28 12 22 16 14 20 22 10 10 8 18 10 10 18 14 16 12 8 8 6 8 8 14 10 22 24 26 16 12 12 12 18 12 4 4 6 4 2 0 
0 4 2 10 20 16 14 18 22 30 28 22 14 6 2 4 10 8 6 206 255 255 118 46 54 50 48 52 134 60 120 90 8 18 14 8 16 6 6 8 12 12 12 12 22 10 10 14 6 6 8 6 2 8 12 12 6 10 24 20 18 8 52 120 32 124 36 8 2 6 6 4 18 24 46 74 82 62 50 50 34 6 10 8 16 20 24 40 54 62 38 12 2 8 20 26 8 6 10 12 4 6 12 10 8 4 12 4 8 16 18 14 16 18 24 28 26 22 20 12 18 18 14 10 6 10 12 0 
0 18 10 10 12 14 12 12 14 12 6 4 6 4 6 22 30 22 20 14 36 26 40 96 92 76 66 54 66 74 158 56 8 2 20 16 10 2 4 4 10 14 18 0 12 4 8 8 8 8 8 4 10 2 8 16 22 20 16 6 10 8 50 160 104 112 30 8 6 10 20 36 42 60 76 80 58 32 22 10 16 18 10 2 2 4 6 16 36 58 54 26 10 14 12 24 12 8 12 6 6 6 4 4 14 22 16 12 12 10 6 4 14 2 10 6 12 8 6 6 8 12 10 18 16 10 14 0 
0 20 10 6 8 12 4 4 8 18 16 14 8 10 30 58 40 38 58 64 60 38 92 110 74 50 52 44 16 100 92 14 10 14 6 14 12 10 12 20 16 16 12 12 10 2 10 10 10 10 10 6 8 8 4 2 12 26 26 20 26 128 194 174 112 88 42 10 24 38 54 56 50 50 42 30 10 16 8 8 18 4 6 4 2 8 20 22 20 32 46 42 4 20 16 14 16 10 16 14 6 8 10 12 22 18 4 8 12 10 8 14 16 4 10 4 8 8 4 4 8 8 2 6 14 18 20 0 
0 12 6 2 8 10 4 2 12 14 6 14 12 26 62 78 42 24 62 50 76 50 98 72 18 14 10 8 46 98 54 6 4 4 6 4 4 8 16 12 8 8 2 16 8 6 16 10 8 4 0 10 18 10 4 8 8 18 26 22 68 255 255 255 255 244 94 12 46 54 50 30 18 16 12 8 2 10 10 12 14 6 6 4 4 10 12 4 8 24 48 52 12 16 8 10 8 4 10 18 16 6 4 8 14 4 12 8 10 6 2 10 16 6 10 8 10 10 8 12 22 18 12 12 10 8 8 0 
0 60 10 6 10 6 4 2 12 14 0 8 18 36 66 60 44 48 46 16 54 54 74 34 24 30 34 30 90 108 44 8 2 2 0 2 4 8 14 6 6 6 12 16 2 4 12 8 8 12 10 8 14 14 16 14 22 12 14 6 86 255 255 234 255 208 64 36 64 40 16 4 4 12 10 0 6 12 14 12 10 2 6 2 2 10 24 20 10 10 42 58 20 8 0 14 16 12 6 20 14 8 4 8 12 26 20 16 12 6 10 14 6 6 8 6 8 12 10 20 24 12 10 14 18 16 12 0 
0 255 124 32 8 4 6 6 18 20 6 0 18 36 42 44 68 72 42 14 4 28 34 18 24 20 28 64 118 88 24 8 2 4 10 8 8 2 12 10 6 8 18 14 6 8 14 14 10 10 14 12 16 16 12 12 24 20 10 4 44 222 255 255 255 154 10 52 38 8 2 8 12 12 8 12 6 6 12 10 6 8 8 6 4 2 8 8 2 8 44 60 22 10 4 16 14 12 10 10 16 22 18 26 52 48 42 40 34 24 14 16 12 10 10 12 10 6 4 10 10 12 12 10 4 14 10 0 
0 255 255 178 48 10 14 14 26 16 10 8 26 28 28 58 80 68 88 36 36 24 18 18 32 30 60 100 90 38 2 14 14 6 10 12 16 6 14 18 8 16 22 6 2 10 18 12 4 8 6 16 8 8 6 8 12 14 12 8 14 20 26 40 52 62 54 18 6 2 4 14 6 6 16 12 12 0 8 20 18 16 4 8 4 12 18 12 6 12 42 50 22 2 6 10 14 2 8 10 16 24 34 62 66 44 40 36 42 40 26 22 12 14 14 20 16 12 16 12 12 14 14 18 12 2 8 0 
0 255 255 255 178 38 10 14 28 38 42 36 22 16 18 50 94 98 70 38 44 34 16 32 46 56 80 68 22 2 6 8 14 12 16 18 12 14 20 12 2 20 20 8 12 10 14 10 6 8 8 8 4 8 6 10 10 14 16 14 20 22 38 58 56 38 16 2 10 10 22 18 8 12 16 8 12 2 2 4 12 8 14 14 20 16 10 6 4 16 38 86 84 26 8 8 10 6 4 16 38 46 52 48 22 16 12 2 14 24 18 22 18 22 20 22 14 6 14 18 14 8 8 12 12 16 16 0 
0 255 255 255 255 128 22 8 24 98 144 160 92 4 12 6 16 22 16 30 58 58 38 52 48 42 34 12 8 4 6 8 6 6 10 6 8 16 14 8 8 18 18 10 10 4 10 12 6 12 4 8 2 10 8 16 10 16 16 18 20 30 56 54 30 6 2 12 12 12 24 14 16 20 26 18 8 6 8 6 4 12 18 24 24 16 14 6 18 12 52 66 114 52 10 6 4 6 24 42 56 60 32 6 14 20 14 6 12 18 4 22 14 18 18 20 18 8 12 16 20 18 18 26 20 14 4 0 
0 138 255 255 255 255 86 16 20 102 210 206 255 142 14 2 12 10 10 12 42 50 42 38 24 10 20 12 4 4 6 6 6 2 10 2 4 12 8 10 20 18 10 6 6 8 12 18 12 4 8 6 10 10 16 18 16 18 22 14 16 36 50 30 10 8 2 18 12 4 14 4 2 2 10 16 8 16 16 18 8 6 8 10 14 8 12 16 18 10 54 20 96 72 32 20 22 24 34 40 50 32 14 26 16 10 8 6 10 12 10 14 6 18 12 14 24 20 14 16 18 18 10 20 24 14 8 0 
0 50 184 255 255 255 180 52 14 104 255 178 255 255 180 32 2 4 18 14 14 10 12 12 12 8 18 20 4 10 12 6 6 6 8 10 8 20 8 16 20 10 4 4 4 6 8 12 20 14 8 6 12 8 6 8 16 6 14 6 14 30 34 16 2 10 8 20 6 14 6 6 12 12 6 8 10 10 10 12 14 12 18 6 8 14 16 18 22 24 50 18 108 130 96 100 90 40 26 30 40 4 32 22 12 10 10 10 8 4 14 12 8 14 12 10 14 22 14 12 12 18 8 6 6 14 8 0 
0 38 112 255 255 255 255 96 30 32 248 255 114 255 255 182 24 8 4 14 14 10 10 12 10 6 14 8 10 14 4 10 8 2 6 14 4 16 8 14 6 8 8 10 14 14 12 8 10 8 2 2 14 22 18 16 20 12 30 12 22 40 32 8 10 4 12 14 4 8 4 2 4 10 16 10 18 4 16 8 18 6 12 18 24 18 20 36 22 48 66 44 56 122 255 255 255 72 26 18 30 16 36 26 16 14 8 8 4 4 12 12 10 14 10 10 2 6 12 6 8 14 14 2 4 12 4 0 
0 34 34 172 255 255 255 160 32 12 88 255 255 52 255 255 92 2 6 8 18 18 4 8 12 8 10 4 10 4 16 12 14 8 12 4 10 4 14 14 6 2 4 4 2 4 6 8 6 4 10 10 10 16 16 18 24 24 24 10 40 42 20 6 6 8 8 6 10 12 12 8 4 18 12 6 14 8 22 10 10 6 4 18 10 16 46 50 42 116 44 22 54 40 255 238 255 96 6 8 16 16 30 20 2 6 8 6 4 4 14 20 12 16 6 6 8 4 4 10 10 8 16 10 6 10 4 0 
0 20 10 86 236 255 255 255 62 14 6 192 255 255 180 255 178 22 2 16 22 2 14 12 8 10 12 6 6 12 6 6 6 6 4 10 12 6 16 8 12 4 10 10 14 16 14 14 8 14 10 4 2 8 12 12 14 10 2 22 44 38 14 4 2 10 4 4 6 8 10 8 14 22 6 16 22 22 22 18 10 12 18 18 18 48 76 34 122 102 50 58 58 134 255 48 255 110 14 14 6 8 20 12 16 14 8 4 2 4 6 10 10 16 10 8 6 2 8 12 10 6 12 16 12 12 6 0 
0 18 36 56 108 255 255 255 114 12 16 64 255 255 84 255 224 32 8 16 2 16 12 8 8 12 10 4 6 2 10 8 4 6 10 12 6 12 12 2 12 2 8 8 12 10 6 14 6 8 10 14 12 0 12 8 4 4 4 22 48 40 14 14 4 12 8 4 2 8 4 8 14 16 2 12 10 16 10 6 12 16 24 40 56 72 40 84 174 44 100 60 22 140 255 66 255 104 12 12 16 14 16 4 16 14 16 4 2 8 12 12 12 18 10 4 6 4 10 10 10 10 12 10 6 12 10 0 
0 94 88 86 92 148 255 255 156 26 10 16 146 255 182 246 226 36 4 18 6 12 12 16 10 4 6 4 4 10 6 6 4 6 8 4 6 10 14 6 14 4 6 12 14 20 8 8 4 4 10 12 14 14 10 4 4 6 4 42 94 56 24 4 16 10 12 14 10 6 10 10 10 12 4 14 14 12 16 12 8 20 40 56 60 34 60 184 172 56 126 54 52 255 255 228 255 66 20 26 20 8 4 8 8 14 12 2 14 10 4 8 8 18 22 16 6 4 12 4 4 12 12 4 0 14 18 0 
0 160 136 138 86 152 255 255 178 36 4 18 52 236 204 255 214 14 6 12 10 2 10 12 6 2 8 4 8 4 4 4 10 8 16 10 16 14 6 10 14 4 2 12 8 18 18 12 12 10 6 14 2 14 8 2 6 12 12 60 104 26 50 28 4 10 24 16 20 12 12 0 6 8 2 6 16 12 14 12 20 48 58 50 28 36 142 198 96 94 130 26 188 255 255 255 255 34 8 22 30 8 16 14 8 16 4 16 26 16 14 6 10 8 10 14 8 8 10 6 12 12 8 12 10 18 14 0 
0 184 150 180 146 188 255 255 182 56 4 32 30 170 186 255 118 2 8 6 2 10 10 2 10 2 4 4 6 6 4 2 8 4 8 12 14 8 6 8 6 8 6 16 6 2 6 10 10 8 10 8 8 0 6 14 8 18 12 48 108 86 80 54 38 24 16 6 18 16 8 0 14 4 8 14 18 38 30 18 42 62 46 16 30 98 160 146 24 114 108 64 255 255 92 255 255 10 10 20 22 6 14 8 18 14 6 20 14 10 16 4 4 10 6 6 10 16 8 2 10 10 4 6 8 24 18 0 
0 184 128 124 146 152 214 228 178 84 12 32 18 82 100 128 30 6 16 8 8 14 8 10 8 8 6 2 8 8 6 8 10 10 8 8 8 8 10 2 10 6 4 16 12 6 8 4 2 6 8 6 8 16 12 4 8 14 18 40 78 62 48 50 54 46 48 34 18 20 26 18 30 26 32 38 52 60 44 184 210 162 28 34 94 170 246 216 122 192 164 244 255 255 142 255 255 22 12 26 18 8 6 4 14 22 16 18 8 8 14 4 4 6 10 6 8 16 8 6 6 8 4 4 8 14 14 0 
0 156 86 40 68 50 130 192 170 92 20 26 10 8 26 22 8 18 16 2 6 6 2 6 6 12 4 12 8 0 4 2 4 2 8 14 16 10 10 10 2 4 2 14 8 4 8 10 6 4 10 20 16 16 18 10 8 8 8 14 22 8 12 18 44 42 36 40 58 64 56 44 50 56 54 52 40 14 210 255 255 255 52 106 170 255 255 255 255 255 255 255 255 255 255 255 192 30 6 30 14 8 4 8 12 8 20 14 2 6 8 2 2 4 12 6 18 14 10 12 4 4 8 6 8 4 16 0 
0 84 34 28 62 44 158 222 194 118 36 20 8 2 20 18 14 20 8 2 6 6 4 2 2 6 2 12 14 4 6 10 14 12 10 8 12 6 4 6 12 4 8 18 4 8 0 8 12 6 16 14 2 8 10 2 4 8 4 6 16 10 4 4 22 44 20 34 62 58 56 46 46 40 36 22 24 62 162 255 255 212 86 144 224 255 255 122 172 255 255 255 255 132 255 255 138 16 10 34 18 8 8 4 6 20 14 8 8 10 10 10 12 12 6 12 14 10 6 8 6 4 12 10 6 4 10 0 
0 98 70 80 116 94 200 255 254 172 60 4 6 12 18 26 12 2 10 8 4 2 2 2 0 2 4 2 12 10 14 10 8 6 10 10 10 10 8 4 12 10 18 14 4 8 10 2 10 2 12 18 14 12 8 6 6 4 4 6 18 18 12 14 8 44 44 40 46 18 22 14 8 8 14 28 32 34 164 255 198 34 104 128 230 228 160 166 108 54 128 192 196 30 255 255 100 16 26 34 12 8 12 10 24 26 14 10 10 16 10 8 10 6 8 14 10 10 10 18 12 2 10 6 6 6 8 0 
0 114 92 114 116 82 172 255 255 212 88 14 18 18 22 32 14 10 8 10 8 8 12 4 8 8 4 10 18 8 10 8 16 18 10 4 6 8 6 6 4 4 10 2 8 6 6 8 8 6 6 12 12 10 8 8 6 4 6 2 8 4 12 10 4 20 42 32 28 18 14 10 16 24 18 16 34 54 46 76 124 102 62 118 232 172 20 58 144 76 34 94 116 66 255 255 56 18 28 20 10 18 10 6 14 10 6 4 0 8 10 4 8 8 14 18 10 4 8 8 16 16 20 10 8 14 12 0 
0 92 78 90 80 56 120 234 255 242 110 28 8 22 20 26 18 4 2 6 2 4 10 12 4 8 10 8 8 6 8 6 8 2 8 4 8 2 8 4 2 2 8 10 16 18 10 4 4 10 8 2 6 4 4 4 6 4 8 4 12 8 8 2 4 6 16 10 12 20 6 6 12 14 6 12 26 24 184 255 206 108 68 124 236 198 140 116 150 70 40 98 122 178 255 255 22 10 22 8 14 6 2 4 6 14 8 6 2 4 12 6 4 2 16 20 4 0 6 20 20 8 10 4 2 4 10 0 
0 56 50 44 42 34 84 192 255 254 114 28 20 20 16 18 8 8 4 4 4 6 14 12 2 10 8 10 14 10 6 8 6 14 20 18 14 12 10 4 2 6 8 6 8 8 10 4 2 6 8 2 8 8 10 4 6 4 12 10 10 8 6 0 0 4 6 4 2 10 8 6 14 24 22 18 4 154 255 255 162 184 154 158 250 164 50 76 64 38 80 144 160 255 255 255 6 6 18 4 14 6 4 2 2 10 4 2 2 2 14 12 6 10 12 14 8 6 10 14 4 8 12 10 8 6 8 0 
0 16 16 10 18 20 40 150 252 255 132 34 14 6 16 22 12 8 2 2 6 10 10 6 2 10 6 12 12 8 6 8 10 22 14 10 4 8 8 8 2 10 8 10 16 14 14 8 12 14 12 2 6 18 16 14 12 8 14 6 4 8 10 4 4 10 10 4 0 8 10 4 4 4 12 6 92 255 255 210 114 174 186 168 206 72 50 42 64 140 146 180 188 255 255 200 4 16 10 10 18 10 2 4 2 4 8 2 6 4 12 20 14 16 18 18 18 12 10 10 2 2 10 12 6 4 2 0 
0 42 24 24 30 52 58 138 218 255 150 38 14 10 16 14 14 6 2 2 2 8 16 20 12 14 8 10 12 8 6 8 14 18 12 10 14 16 14 14 4 10 16 14 14 14 18 18 16 14 10 8 6 12 6 10 0 4 8 10 10 6 4 6 6 8 6 4 8 10 12 20 14 8 14 60 242 255 234 92 86 104 142 98 72 36 64 52 80 200 218 196 204 236 255 130 4 14 10 24 20 14 12 6 2 2 8 8 4 4 14 18 12 8 4 2 10 6 2 8 6 8 8 6 18 16 14 0 
0 42 36 36 34 46 46 128 214 252 156 40 12 6 14 10 10 8 10 12 10 8 6 8 10 10 4 4 8 4 8 8 14 8 8 14 18 12 10 4 2 6 10 10 14 14 20 18 12 10 8 14 16 8 10 8 8 6 6 6 4 2 0 8 10 8 2 4 4 8 10 16 12 8 46 192 255 216 110 128 72 32 80 32 24 48 38 52 164 255 255 176 216 164 242 94 6 12 18 22 16 14 16 10 4 4 6 12 8 8 8 18 16 8 4 4 8 8 14 18 8 6 2 20 26 20 24 0 
0 0 0 0 0 0 0 0 0 0 0 0 0 0 0 0 44 0 0 0 0 0 0 0 250 70 225 46 250 127 0 0 232 2 16 0 0 0 0 0 201 192 73 64 0 0 0 0 0 0 16 0 0 0 0 0 44 0 0 0 0 0 0 0 16 45 17 0 0 0 0 0 0 45 17 0 0 0 0 0 128 0 0 0 0 0 0 0 152 247 224 46 250 127 0 0 0 0 16 0 0 0 0 0 201 192 73 64 0 0 0 0 240 40 17 0 0 0 0 0 109 0 0 109 0 0 0 0 
