71 75 71 70 80 74 74 81 86 93 83 75 81 89 84 69 71 71 73 67 61 64 68 65 63 62 63 68 67 66 64 58 52 57 66 60 58 57 52 49 53 50 54 58 54 53 52 55 53 52 52 52 50 50 49 48 46 50 47 45 46 51 48 45 45 43 43 43 42 42 42 40 39 41 42 42 43 47 43 42 41 40 41 41 39 38 35 31 30 31 33 62 76 32 25 25 25 24 23 21 23 24 27 28 26 27 27 27 31 33 32 34 33 34 43 75 125 141 112 65 57 89 104 48 35 35 34 34
76 75 66 68 76 72 74 82 86 93 85 78 76 82 81 72 77 74 74 64 60 64 65 65 64 63 67 71 65 67 68 60 55 59 65 62 57 53 50 47 49 51 53 57 56 55 50 54 53 53 52 48 48 52 47 44 45 46 44 46 48 50 46 42 42 42 41 43 42 42 43 39 38 40 39 42 44 45 41 42 42 40 42 40 40 40 40 34 29 29 31 60 71 33 26 25 25 25 24 22 22 24 29 27 27 28 26 28 31 33 34 33 34 34 61 107 132 151 142 114 107 131 110 52 50 58 53 48
75 73 67 71 75 71 72 78 80 82 82 74 68 70 74 71 73 76 75 66 64 61 64 66 62 61 70 68 67 73 67 58 55 60 65 58 52 53 52 48 50 50 57 58 54 54 54 56 53 49 52 49 49 50 48 47 46 46 45 47 49 49 48 42 41 43 42 40 41 39 39 38 37 36 35 42 43 45 40 39 40 39 41 40 40 41 42 35 29 30 32 61 71 33 25 24 25 25 23 24 24 26 30 29 26 26 24 25 31 33 32 33 34 36 69 130 144 161 150 140 140 142 107 55 51 71 79 68
72 70 70 73 76 71 72 80 78 77 78 72 67 71 71 72 71 74 73 67 63 61 59 64 61 59 66 67 67 70 65 56 54 61 69 57 50 55 58 53 49 51 57 57 57 56 58 60 55 55 56 49 47 51 50 49 47 48 48 46 46 50 51 45 44 45 44 41 39 37 37 38 36 39 47 54 54 54 43 38 39 38 38 41 39 43 44 34 30 30 32 61 76 33 24 24 24 24 24 24 25 26 29 28 27 27 27 26 28 32 34 34 35 36 71 134 141 154 147 141 135 134 101 54 51 73 76 59
68 69 69 69 72 73 71 76 76 73 76 72 67 71 69 68 70 71 70 67 58 57 57 64 61 59 62 64 65 66 65 57 56 64 70 59 48 55 58 53 51 51 56 58 60 59 55 55 57 54 55 50 47 50 49 48 49 48 46 47 47 50 48 48 47 43 43 45 42 37 42 51 70 98 108 101 82 63 45 38 36 38 39 41 41 45 45 35 29 29 33 62 71 32 26 25 25 24 23 23 24 28 30 30 29 27 27 27 29 32 36 35 37 38 57 120 139 152 150 137 119 114 78 39 45 73 72 51
66 70 74 70 68 71 69 71 73 74 75 75 67 64 67 63 70 73 67 66 60 55 55 62 58 57 62 64 64 65 63 58 66 77 82 76 63 61 57 52 49 51 56 56 56 58 55 54 53 51 51 47 48 48 47 49 50 49 44 50 50 51 49 49 47 42 44 45 41 48 94 123 113 91 84 78 59 48 41 40 35 36 37 39 40 45 44 35 30 31 35 61 68 33 27 25 24 25 25 21 22 26 28 30 29 27 27 29 31 35 35 38 39 39 43 111 151 154 155 140 136 133 109 76 62 73 70 53
65 70 75 72 65 69 69 71 69 72 72 76 69 62 66 64 64 68 67 61 58 60 58 57 53 57 65 63 60 61 64 70 84 102 115 114 104 92 77 68 57 50 55 55 56 53 52 55 52 51 51 46 50 49 50 52 48 47 44 48 50 51 52 49 48 47 48 47 46 97 151 149 123 110 92 69 59 58 48 45 41 37 32 34 37 44 43 35 31 32 34 60 69 34 26 24 24 26 27 35 40 42 38 32 32 28 27 29 32 34 36 36 38 38 34 76 136 154 155 143 137 122 102 77 56 60 64 55
61 68 73 67 59 62 65 67 65 73 70 72 66 60 62 63 66 66 63 54 58 61 57 56 51 56 61 59 62 73 82 89 86 98 116 127 124 121 106 89 73 58 55 54 53 52 54 58 53 48 50 50 53 50 50 51 49 48 48 49 48 51 53 49 49 48 48 49 93 140 132 149 152 142 124 101 85 77 59 54 60 60 45 38 36 41 41 34 29 30 33 61 69 32 24 24 37 71 104 128 118 96 94 89 95 89 59 35 33 33 35 37 38 39 33 36 69 141 154 140 137 128 103 68 57 57 63 57
63 69 75 71 61 63 64 68 68 76 74 74 65 59 63 66 68 69 63 58 55 52 55 58 51 54 57 63 77 90 67 59 80 104 122 132 135 126 123 115 92 70 57 52 54 52 52 55 54 48 50 51 53 49 47 48 50 50 48 50 49 52 51 49 48 42 44 79 142 131 133 159 161 155 145 137 125 114 90 82 94 96 91 71 48 38 39 32 30 30 34 59 66 30 36 81 125 154 165 161 132 121 130 143 148 146 130 94 47 35 37 37 36 35 33 33 41 107 148 143 142 135 105 73 69 66 62 50
66 72 70 69 64 63 62 62 67 73 73 75 65 57 63 62 69 70 63 59 55 51 53 55 51 55 60 65 95 86 55 68 102 127 135 136 140 140 131 127 117 84 53 47 54 54 50 49 52 48 49 52 51 50 47 47 49 49 46 48 48 49 46 46 44 42 49 106 146 135 155 172 169 162 159 154 149 143 129 120 124 117 106 90 75 61 47 34 30 31 34 60 58 36 103 161 165 166 164 156 142 140 145 156 154 149 147 145 107 57 40 36 36 35 32 34 34 69 141 150 145 133 116 95 81 69 50 42
63 68 64 65 59 56 57 59 63 68 66 71 66 58 61 66 69 67 62 58 55 53 53 55 53 59 58 68 118 94 64 99 133 142 146 148 144 140 129 117 121 109 76 48 53 52 50 49 50 48 52 53 52 50 47 44 45 47 44 46 49 50 47 47 45 43 43 79 151 153 170 174 170 165 164 164 164 159 156 150 142 125 110 95 86 76 61 38 32 32 36 62 63 82 152 163 173 175 167 158 155 149 148 165 161 152 148 142 135 108 59 28 29 29 28 29 33 65 136 146 145 126 115 100 76 57 39 34
59 64 56 57 59 58 57 62 59 61 64 68 66 56 61 67 66 61 55 52 55 53 54 59 57 62 52 68 108 68 80 118 138 144 148 149 148 146 145 137 129 121 108 63 51 55 49 49 49 50 52 52 52 49 47 44 45 46 47 47 46 49 50 50 47 44 41 71 140 156 176 176 171 168 164 162 164 161 160 154 141 129 110 95 80 66 60 37 33 33 34 58 79 136 158 164 172 179 171 161 163 154 152 157 155 150 151 147 133 115 72 26 28 28 25 26 27 78 145 140 127 95 80 67 49 38 31 29
63 64 55 59 63 63 57 61 58 57 59 65 66 53 58 63 64 62 54 47 53 56 54 56 56 56 45 75 105 65 91 127 140 143 147 149 154 158 158 154 141 130 117 82 48 50 49 52 51 50 50 52 53 50 46 43 46 48 51 49 48 49 48 47 47 43 52 111 135 156 162 148 158 161 158 155 155 155 155 147 138 121 106 96 86 74 52 33 31 34 36 59 114 159 158 165 170 174 176 167 164 160 153 147 141 147 148 141 135 120 77 27 26 28 27 28 28 45 128 149 133 97 55 40 39 35 33 32
65 62 55 61 68 66 61 60 58 61 61 60 64 57 59 64 63 61 53 49 52 53 53 53 54 55 42 68 96 77 97 134 149 147 152 158 167 169 168 161 146 135 121 93 52 47 52 53 49 49 51 53 51 47 46 46 50 48 49 48 47 46 47 49 47 43 73 139 156 164 145 121 119 145 149 149 154 158 155 147 137 113 101 91 70 57 46 35 30 33 35 79 157 173 163 169 168 169 174 169 162 161 155 147 144 146 139 123 128 124 87 35 28 27 27 28 28 28 86 149 152 140 81 41 37 36 41 55
67 61 56 59 67 64 62 65 59 64 66 62 66 57 60 65 62 58 57 53 54 56 55 55 53 47 44 62 89 93 112 143 154 155 162 173 180 176 175 166 149 139 129 99 54 47 53 53 50 49 50 51 50 47 48 47 47 46 46 48 46 44 48 50 46 45 88 152 164 168 161 147 124 119 143 157 151 143 135 122 121 110 93 67 44 39 41 35 34 31 38 111 172 172 169 169 164 163 166 169 167 164 157 149 144 138 135 130 125 120 97 55 26 26 27 27 27 25 56 145 155 149 117 65 49 55 76 106
67 63 56 56 63 65 61 65 61 62 63 60 65 61 61 61 59 59 57 54 59 60 58 56 53 38 46 84 96 100 119 145 157 157 162 168 176 175 166 157 146 140 131 108 59 50 52 52 50 50 52 52 52 53 50 48 49 47 49 46 45 46 45 46 46 43 86 152 167 172 147 133 132 126 140 151 126 87 68 67 80 93 79 54 37 33 34 32 34 32 37 110 165 172 178 173 166 166 175 182 180 174 167 153 140 131 131 136 122 113 104 86 44 29 30 28 25 25 66 176 172 147 127 89 94 119 137 155
65 62 57 58 61 65 60 63 61 59 64 61 63 63 64 60 58 58 58 53 59 59 56 55 52 72 68 89 92 97 128 150 154 152 159 165 169 164 155 147 142 136 124 103 59 51 51 52 50 50 53 55 54 51 50 49 49 46 41 34 31 30 30 30 31 31 52 105 156 182 171 122 107 115 140 131 77 81 93 101 89 72 65 55 42 44 54 45 33 33 38 100 159 171 179 174 168 167 176 178 172 165 154 141 132 125 125 129 126 122 124 103 53 32 30 29 25 24 99 202 198 163 132 148 169 169 174 183
62 58 58 61 59 62 62 63 57 58 65 62 62 61 60 55 55 56 52 52 54 56 56 50 66 116 122 92 89 114 148 155 153 152 155 165 171 164 153 144 141 139 127 99 56 50 50 52 52 47 52 53 54 52 48 48 42 32 27 24 22 23 23 21 25 26 25 29 62 146 180 146 138 151 167 136 102 102 101 112 91 67 69 62 54 77 69 56 36 31 38 95 155 158 164 161 161 159 158 157 152 147 140 132 119 112 112 129 130 135 140 114 59 32 30 28 27 24 77 191 198 143 139 179 190 188 185 183
64 62 63 61 57 63 62 60 57 64 69 63 62 59 58 55 58 60 52 49 51 56 57 51 72 117 133 114 104 150 170 165 162 158 155 159 164 165 157 152 150 147 128 94 59 50 51 52 52 48 54 52 50 49 48 38 26 22 23 24 23 24 26 28 27 27 28 28 26 50 130 167 165 177 166 138 141 127 97 95 94 92 72 56 50 54 66 62 36 33 36 80 151 152 157 156 156 155 152 151 150 146 139 124 111 102 103 123 133 136 122 94 48 29 28 26 26 26 38 141 158 101 101 141 183 196 192 187
49 57 61 59 56 55 58 59 57 60 63 63 64 60 57 52 55 54 48 46 51 56 55 59 121 152 120 147 141 159 159 153 152 145 144 149 149 148 147 155 153 142 119 86 63 56 53 55 54 55 54 51 48 47 36 26 23 24 26 26 24 26 29 27 24 27 30 33 32 25 43 140 175 167 154 131 140 144 133 120 133 115 64 55 50 66 92 60 30 30 34 66 138 154 158 160 159 157 158 160 160 153 142 125 115 102 92 108 120 113 77 50 35 28 28 26 25 27 26 66 129 120 76 67 103 165 195 194
24 33 49 57 54 50 55 57 57 58 62 62 58 58 56 52 54 50 45 46 82 94 59 97 177 166 152 182 159 151 148 129 87 67 68 81 92 103 117 129 125 118 100 77 62 57 54 57 55 56 56 49 47 41 28 25 26 26 27 27 27 35 37 32 29 31 31 35 32 27 24 65 153 163 157 127 130 152 142 141 138 90 57 51 74 100 83 39 32 31 33 62 130 157 161 163 161 153 153 160 159 155 149 139 121 100 93 102 116 81 53 55 61 43 28 28 26 25 25 55 142 96 39 74 113 131 163 189
19 20 23 40 54 52 54 58 60 59 65 64 57 62 59 50 54 50 43 62 158 148 67 140 178 161 165 170 148 154 158 142 115 91 64 29 25 49 87 67 53 61 51 49 58 61 54 54 56 56 58 49 42 31 26 26 26 27 36 41 40 47 47 47 42 44 37 35 30 26 27 38 132 166 157 125 120 137 146 131 111 70 48 50 82 102 63 34 32 32 34 57 112 121 121 122 122 133 114 105 96 93 89 86 85 95 96 96 118 67 54 77 105 83 36 30 27 27 25 73 134 73 44 111 152 158 147 152
20 22 21 23 45 54 59 62 61 60 65 60 60 62 56 51 53 49 45 104 174 117 82 162 161 137 163 157 144 161 168 159 156 127 89 70 81 122 134 45 20 28 54 56 54 60 56 57 60 59 58 51 37 28 26 26 28 33 39 45 53 49 41 52 58 54 45 31 26 26 28 32 95 112 96 79 79 118 139 122 99 62 57 71 103 74 43 38 33 32 33 55 111 97 71 45 55 115 84 36 39 56 54 54 62 90 97 100 102 74 79 92 112 84 40 31 30 27 27 85 98 62 75 130 153 166 165 153
20 20 21 21 33 53 58 62 59 60 64 57 61 60 55 52 51 48 52 137 160 87 118 177 140 120 169 161 151 168 160 151 156 155 147 152 157 160 150 75 51 70 88 60 53 58 58 58 59 58 60 51 35 29 27 29 30 38 47 53 58 49 43 53 62 56 49 42 31 27 28 26 67 92 64 75 99 116 122 105 84 58 58 89 80 46 43 36 32 33 35 54 93 131 109 61 72 134 118 80 78 74 88 150 145 122 105 92 81 75 88 99 89 68 36 29 33 26 34 105 80 70 92 132 150 154 151 157
20 22 20 21 29 50 54 58 56 57 59 56 57 59 58 50 50 45 77 166 148 84 150 171 123 137 161 152 157 163 147 131 143 153 159 155 149 155 150 106 115 111 83 50 54 60 57 61 60 56 57 52 34 28 28 28 31 41 46 50 52 44 55 78 75 59 47 44 35 30 27 24 41 121 115 93 90 91 105 93 70 48 48 48 39 42 42 34 31 30 35 52 78 141 139 123 128 151 129 126 134 126 125 164 153 156 150 91 72 72 94 93 76 64 38 27 27 25 60 124 64 69 70 106 123 107 128 143
20 20 19 18 28 51 54 58 57 59 58 57 55 57 55 52 52 50 112 174 136 108 177 170 139 172 164 145 162 160 135 127 135 148 149 130 140 164 155 112 131 113 65 47 54 60 56 60 60 55 55 52 32 26 26 31 39 47 45 42 39 38 67 116 111 99 90 70 38 30 26 24 35 86 87 77 94 118 118 80 49 40 40 30 34 39 43 35 29 29 33 50 61 112 136 134 142 145 120 117 138 163 136 146 139 144 153 91 69 70 100 90 77 67 41 26 26 28 96 114 53 57 49 81 122 65 65 95
20 20 20 18 38 52 53 56 56 60 58 52 55 57 54 55 56 57 146 182 122 134 182 155 162 188 162 144 169 164 142 147 153 146 137 133 127 153 141 106 112 90 54 50 55 59 55 55 57 56 54 51 33 23 38 53 49 45 44 43 44 62 115 164 170 160 153 127 64 32 26 24 34 80 94 104 116 132 110 62 40 43 38 29 27 31 41 36 30 29 31 51 52 76 125 146 142 142 122 115 134 154 135 145 135 137 148 104 143 96 90 96 84 73 44 27 23 49 117 102 69 68 61 66 67 31 26 56
19 19 20 28 54 57 56 59 60 60 55 54 57 58 58 56 54 74 169 175 114 157 176 146 173 169 142 163 177 153 144 149 143 138 144 147 109 79 81 106 101 72 52 49 57 57 54 56 59 54 52 49 38 45 113 117 88 67 66 78 104 145 184 195 197 183 169 152 81 31 25 23 34 101 138 136 123 108 73 44 41 49 45 30 28 28 30 31 29 27 33 52 50 63 135 131 130 150 139 125 137 149 129 146 139 139 154 114 166 139 56 78 86 69 38 30 48 93 113 105 89 83 73 75 61 32 24 22
18 19 28 48 61 58 58 61 59 56 52 54 56 59 57 54 57 127 187 189 180 189 193 185 184 157 154 187 178 138 139 143 129 97 96 106 102 62 58 81 85 62 51 51 58 55 53 56 56 52 50 48 34 72 147 158 164 161 156 164 183 198 199 197 192 178 171 154 81 28 26 23 29 63 88 88 73 61 42 36 46 68 57 28 29 29 28 25 27 26 32 51 50 52 123 112 116 133 105 79 133 156 127 151 147 143 164 113 149 166 70 40 73 55 43 82 105 102 107 117 107 99 91 95 77 37 24 22
24 30 44 51 59 58 58 58 56 56 51 55 57 58 53 51 95 175 190 192 198 196 198 195 191 184 185 181 144 121 132 126 117 125 124 108 97 81 61 54 63 61 53 54 61 59 55 58 53 50 50 48 37 67 139 157 171 183 188 189 192 190 186 183 178 170 169 154 78 26 26 24 49 53 45 44 46 50 43 47 77 106 61 27 28 27 28 28 28 26 29 47 52 37 98 116 116 77 61 100 145 153 130 164 167 153 173 124 142 182 113 40 38 53 83 109 111 105 109 121 121 117 112 110 87 40 22 23
33 40 48 54 60 58 56 60 62 56 54 53 59 60 55 60 141 194 189 188 192 191 185 189 193 195 196 164 109 110 122 122 125 130 129 106 80 72 76 73 62 61 56 56 59 62 58 55 55 52 49 48 40 57 130 149 155 166 171 177 181 180 175 172 173 171 168 157 96 30 24 48 107 53 55 52 51 57 64 96 132 130 50 29 28 30 30 29 29 29 29 31 35 29 81 120 103 67 59 108 134 169 145 160 171 163 180 146 143 185 138 73 67 77 84 98 115 120 124 132 137 133 133 117 97 55 24 22
50 45 60 57 57 61 58 60 58 54 52 53 61 61 53 86 181 201 199 198 198 196 190 191 192 191 188 170 156 128 143 143 135 144 151 144 129 113 94 63 63 61 56 59 62 64 58 54 55 53 50 51 46 60 132 154 159 166 173 177 180 182 180 179 179 177 172 157 135 70 32 88 140 82 97 88 80 90 118 150 160 120 37 30 29 30 31 30 27 31 32 29 30 32 58 107 112 101 66 64 125 179 156 149 169 157 178 156 144 186 145 98 111 95 94 107 130 123 119 122 131 141 150 138 99 62 32 24
91 92 95 59 57 61 57 59 57 52 52 57 63 59 61 134 197 200 198 203 203 200 198 194 193 195 180 191 203 183 174 141 117 118 125 126 120 104 75 59 65 61 59 63 64 62 56 59 56 55 52 49 48 72 129 153 163 170 175 176 176 183 187 183 179 177 164 150 153 121 51 97 129 174 185 168 161 168 176 180 179 89 31 31 31 31 32 33 32 34 40 41 40 41 42 80 137 161 123 95 128 165 161 164 181 176 182 164 153 187 148 92 113 118 104 89 83 81 80 87 104 118 135 127 68 55 48 26
100 116 100 58 54 58 58 59 51 50 53 56 57 56 73 164 199 200 196 199 203 201 198 197 197 190 176 197 186 169 155 100 63 60 56 53 54 81 53 41 57 60 59 63 65 62 59 58 57 53 50 48 49 83 88 95 109 125 148 162 161 162 148 116 107 96 86 106 145 145 74 140 148 139 202 205 202 204 202 199 170 58 32 32 33 36 37 42 45 44 45 46 44 44 45 42 95 158 173 146 140 162 180 184 186 189 189 188 186 186 159 107 112 102 69 48 43 50 58 64 76 88 111 115 105 102 88 58
123 102 68 53 51 57 58 58 53 51 48 46 44 44 88 178 197 198 197 200 200 196 196 199 195 180 184 198 176 162 207 191 84 32 32 45 91 127 55 30 35 46 53 60 64 64 61 56 56 51 48 47 50 91 99 52 44 48 72 104 139 107 64 48 46 64 69 111 156 151 96 153 134 100 195 214 210 209 206 204 135 39 36 40 46 48 48 51 48 44 43 47 49 49 43 33 54 143 175 144 126 164 179 182 183 181 189 195 195 190 183 125 72 57 42 41 37 39 46 58 63 71 91 114 133 119 102 99
124 88 53 54 52 57 55 52 50 44 40 38 38 40 107 186 199 200 201 198 194 194 200 203 201 198 204 190 157 194 222 205 83 33 35 84 131 114 41 32 29 33 40 48 58 65 59 55 55 54 50 46 52 83 133 103 103 113 92 89 163 128 71 96 131 140 134 159 164 143 127 149 130 185 203 209 208 208 208 199 89 36 49 53 53 53 53 53 52 48 46 51 54 50 45 35 49 125 174 173 123 156 181 182 186 189 194 195 190 189 193 142 56 39 35 35 33 37 42 52 57 67 85 116 134 125 113 104
105 79 55 58 52 55 56 52 43 38 38 37 36 41 120 183 192 196 199 197 194 199 204 205 204 198 188 176 198 217 223 152 43 45 37 96 157 119 42 32 30 33 37 40 44 52 53 53 53 54 51 48 55 58 131 152 128 122 126 146 185 180 158 139 127 128 164 173 158 140 112 93 150 215 209 208 212 211 209 166 50 44 53 56 55 53 53 53 50 49 49 48 49 49 46 36 60 114 157 190 176 164 179 187 190 195 199 197 190 190 196 155 60 43 38 40 42 52 65 73 75 78 94 109 115 115 98 84
82 73 59 59 52 57 56 53 48 40 38 41 42 76 147 173 177 181 187 193 196 198 196 193 183 162 124 179 226 221 207 147 82 53 45 94 181 156 53 34 37 33 37 42 44 47 44 49 53 55 54 51 54 43 96 160 160 151 153 157 185 181 178 174 164 166 172 157 146 139 80 41 148 217 213 211 215 212 202 113 38 50 53 59 57 54 52 50 49 49 48 48 47 50 48 43 89 124 126 169 186 182 185 186 185 187 194 196 188 189 194 167 71 51 52 52 88 116 124 122 122 117 92 78 74 68 71 87
74 70 58 59 52 57 59 57 51 45 43 41 91 173 163 163 173 174 173 168 172 178 169 137 100 74 54 113 215 221 182 189 139 57 81 135 185 178 68 40 45 37 36 41 47 47 46 46 49 54 56 55 56 41 73 127 157 168 155 155 186 177 166 169 182 173 154 144 141 133 94 44 134 216 213 213 213 208 185 65 43 54 51 56 53 51 51 52 51 48 48 49 48 51 47 47 116 141 129 144 178 188 193 193 192 187 185 187 186 189 193 172 96 52 54 68 115 141 147 148 147 129 98 67 51 56 76 89
81 64 57 62 55 55 53 53 49 45 38 41 165 190 163 173 180 175 169 144 117 111 86 55 45 50 51 63 158 216 200 213 130 58 115 193 191 192 78 47 50 43 36 38 47 50 48 48 48 51 51 50 52 40 58 114 148 163 150 153 184 179 166 155 169 171 160 146 135 127 136 65 107 209 214 216 212 208 131 38 49 51 51 56 51 50 50 53 53 48 47 50 49 52 48 52 132 159 151 124 143 177 187 199 201 199 192 185 189 191 191 173 91 44 68 122 139 144 153 160 162 157 143 126 99 72 57 63
47 35 40 51 51 54 52 50 50 41 29 51 179 201 195 196 195 182 166 138 85 36 37 47 46 49 50 50 88 194 224 206 102 63 71 187 214 196 75 49 52 47 42 40 47 51 49 48 48 48 47 46 45 36 45 92 142 156 153 158 176 171 160 163 163 164 159 144 126 123 162 94 87 207 218 217 209 157 57 36 53 50 50 56 54 51 52 57 55 53 50 52 51 51 48 56 140 165 169 135 68 114 161 188 197 197 196 193 195 193 189 166 74 39 75 136 144 143 145 142 150 152 154 158 157 137 94 80
32 22 23 31 49 53 50 50 46 37 29 50 158 192 186 182 181 175 160 128 73 27 37 49 47 48 48 48 51 130 220 156 76 64 53 150 226 183 59 47 55 52 51 51 51 52 52 51 48 43 47 47 43 37 44 66 125 151 156 140 124 110 140 178 176 165 153 135 117 126 182 123 63 167 214 215 169 65 35 40 53 44 49 55 53 52 53 56 56 54 49 52 53 53 48 61 149 168 177 128 32 44 106 145 160 167 183 184 187 189 186 156 68 40 65 96 117 118 77 90 126 124 139 163 159 138 134 124
79 31 22 32 48 50 49 48 46 38 29 29 42 55 54 52 50 45 40 30 25 25 42 48 47 49 49 45 49 65 162 124 62 58 44 111 221 169 51 45 56 52 53 56 55 52 55 54 46 41 43 44 44 37 36 37 93 133 128 131 109 114 157 160 143 145 144 126 112 145 206 160 45 49 99 125 68 35 34 42 53 44 49 56 54 51 55 56 54 51 48 49 51 55 49 69 163 176 177 97 36 50 111 94 109 153 175 179 186 186 175 155 142 70 44 42 61 123 89 70 80 93 143 166 152 118 116 124
118 50 22 39 49 50 49 46 43 37 26 24 21 21 21 20 20 21 22 21 24 27 41 47 45 50 47 44 50 51 73 78 60 57 43 80 207 150 45 47 57 53 53 58 55 50 56 53 43 37 36 37 35 29 30 28 58 109 113 109 108 116 121 126 122 125 125 108 125 186 217 187 60 34 31 32 33 33 33 38 44 43 52 55 55 53 57 57 55 53 50 51 56 53 48 73 171 182 160 58 42 60 106 70 77 148 169 186 191 169 154 158 195 127 39 46 57 146 161 119 82 128 164 157 138 104 77 76
142 83 25 46 54 50 48 46 44 38 27 23 23 23 23 22 21 23 22 22 22 28 42 46 45 50 49 45 49 51 50 51 56 55 45 57 179 122 41 44 53 48 45 44 43 40 38 34 31 28 29 28 27 28 27 25 38 98 116 109 102 104 113 109 132 136 112 116 174 214 219 196 63 34 32 32 33 34 35 32 33 36 39 42 46 48 50 54 56 56 55 54 55 55 49 73 173 187 130 38 35 51 101 59 34 63 85 98 102 112 128 131 120 85 34 60 109 167 176 165 149 156 154 142 130 107 74 57
170 146 47 47 53 48 47 43 40 36 26 23 24 23 23 24 24 21 20 22 23 28 43 48 50 52 49 46 50 52 51 53 55 54 44 41 106 68 32 32 34 30 29 29 29 29 28 27 26 29 28 28 26 28 28 25 37 129 123 119 107 95 109 142 161 140 125 175 215 219 222 189 52 34 38 34 31 32 34 33 33 34 35 33 35 37 38 41 45 50 53 51 50 52 50 74 171 182 109 51 36 36 96 63 24 24 22 25 29 33 35 31 27 29 30 59 133 174 170 150 147 157 153 142 135 124 90 58
184 189 95 47 49 48 46 43 38 35 28 23 22 22 22 24 23 21 22 21 23 28 44 49 50 52 50 45 51 52 50 51 53 50 42 37 32 31 30 31 28 28 30 29 28 28 28 29 28 28 27 27 29 29 28 27 28 97 153 137 152 158 174 179 162 139 174 216 222 219 220 169 40 32 37 36 33 33 33 33 32 33 36 37 36 35 35 36 33 37 44 49 50 50 48 72 169 175 88 63 44 36 106 61 22 24 25 25 25 26 26 26 27 28 27 36 105 158 147 120 117 134 143 139 139 136 117 86
183 174 123 53 48 50 47 45 38 34 26 21 21 22 21 22 22 23 24 23 22 29 44 47 47 50 50 47 47 49 50 49 50 48 41 36 28 28 29 31 30 30 30 31 29 27 27 29 28 27 28 28 27 28 26 26 26 58 157 144 118 116 114 104 88 141 217 222 221 216 224 134 35 33 36 35 36 35 33 33 32 32 33 36 37 34 37 37 35 36 35 40 48 48 44 69 169 160 64 56 36 41 111 55 25 25 24 24 26 27 27 28 27 28 27 32 62 81 77 129 136 109 110 127 136 135 117 97
184 164 120 55 48 48 47 41 34 32 25 21 23 22 21 22 22 23 24 23 24 29 45 49 50 49 51 48 46 52 53 52 51 48 46 37 31 29 29 29 29 29 28 29 29 27 27 30 31 30 27 28 27 27 24 24 26 45 149 186 164 119 55 33 51 103 205 226 221 224 221 97 35 36 38 38 37 37 37 37 33 32 33 35 38 33 34 37 36 34 35 34 44 48 45 66 168 134 37 38 40 57 112 52 26 28 27 25 28 28 28 26 27 29 29 31 34 47 87 132 128 109 105 130 136 132 113 96
199 188 121 52 47 46 44 35 32 31 25 21 22 23 22 22 22 23 23 22 23 28 42 53 52 49 50 47 45 50 51 50 46 40 33 30 31 30 29 29 31 29 29 29 28 30 27 27 30 29 25 25 26 27 23 25 26 38 141 199 194 146 53 37 75 97 158 224 227 228 215 80 39 40 38 39 37 36 41 39 38 36 35 33 33 33 34 34 33 35 36 32 38 50 49 65 162 106 28 36 59 69 120 52 23 26 26 24 26 28 27 26 27 27 27 30 29 38 59 70 89 121 127 129 135 130 111 103
198 190 113 50 48 45 40 34 31 27 24 21 20 22 22 20 22 23 23 23 23 26 34 51 55 48 48 46 41 47 50 42 30 28 26 30 30 31 29 29 30 30 31 31 30 28 28 29 29 28 27 25 26 25 27 30 28 33 131 210 204 108 39 55 97 136 141 183 227 229 213 80 43 37 35 40 37 38 40 38 39 37 36 34 34 34 34 34 34 35 34 32 31 43 48 59 149 87 28 38 63 73 126 44 23 25 23 24 25 26 27 26 26 25 26 29 28 28 52 80 117 141 149 138 125 112 86 96
191 189 96 50 51 44 38 39 36 31 26 22 21 21 21 22 24 23 20 22 24 26 33 43 51 48 47 46 39 45 43 29 27 26 25 29 28 29 28 29 29 28 30 32 32 31 29 28 30 28 28 29 26 22 25 28 29 30 107 220 194 105 92 97 157 206 207 182 186 223 223 91 41 33 31 40 39 38 39 39 38 39 38 37 37 36 33 34 36 35 33 32 27 32 43 58 126 55 28 33 48 75 119 36 29 28 26 27 27 25 28 26 27 27 26 29 27 26 55 123 150 154 142 107 82 72 69 106
138 176 73 47 47 43 37 35 36 39 29 22 21 21 21 23 23 22 22 21 24 30 36 36 48 46 48 49 42 42 35 28 29 26 25 26 28 30 30 30 30 30 30 32 33 32 32 28 28 29 27 28 26 23 24 25 26 28 62 188 163 123 139 122 133 212 224 215 183 158 169 87 35 30 31 40 38 38 39 38 40 41 38 35 33 34 34 35 35 34 33 28 25 26 31 51 101 43 48 35 32 52 73 28 27 28 29 28 26 27 25 26 26 28 27 28 28 30 35 71 90 88 77 61 75 67 88 137
101 155 58 46 44 42 39 34 29 28 24 21 20 20 20 21 23 24 24 23 25 33 38 32 41 44 49 50 39 30 30 30 28 25 23 26 31 29 30 32 31 30 30 31 33 31 32 31 29 29 28 30 25 23 23 25 25 28 33 113 184 133 126 132 145 174 227 225 228 172 55 41 35 38 34 41 40 38 37 37 39 37 38 37 31 34 36 36 36 34 32 30 30 31 30 43 69 53 62 47 33 37 37 26 28 28 28 27 27 28 28 25 25 27 27 28 29 28 28 30 32 37 39 40 44 78 132 151
147 134 51 49 45 42 33 31 27 25 23 22 21 20 21 24 25 24 24 25 24 28 35 34 36 41 41 38 30 25 26 29 29 26 27 28 31 30 32 32 32 33 33 32 33 33 32 32 31 30 31 28 26 27 29 29 27 28 29 68 162 138 119 135 119 129 202 229 219 119 37 34 39 43 35 40 43 38 36 36 36 36 39 37 33 35 37 35 37 34 31 32 31 31 32 35 38 47 60 41 36 39 38 27 29 31 29 28 29 29 29 27 24 26 26 29 30 28 28 25 27 36 38 42 61 117 150 151
198 113 47 49 47 37 28 29 29 28 25 24 22 23 24 26 24 22 25 24 23 24 31 30 29 28 26 28 31 28 26 27 28 26 29 31 30 30 32 32 32 35 33 33 34 35 34 33 32 31 31 31 28 32 37 35 31 30 30 35 81 115 133 149 123 155 173 195 159 53 36 36 39 35 31 40 45 41 40 38 38 39 40 38 34 35 35 36 36 34 34 34 30 30 34 31 29 35 37 32 39 43 39 28 29 33 31 27 29 29 30 28 26 28 28 31 28 29 28 26 31 65 85 112 123 121 139 149
188 89 49 51 45 34 32 34 31 30 25 23 24 23 22 25 26 25 25 24 22 24 24 24 26 28 28 28 29 30 27 27 29 29 30 34 33 33 34 32 32 32 33 34 35 34 35 35 33 31 33 33 31 33 35 36 36 33 29 32 32 50 91 110 104 145 148 157 118 35 33 34 33 30 31 40 45 43 40 40 38 42 41 40 37 35 34 36 37 35 34 36 33 34 34 31 31 39 57 62 51 43 39 31 28 32 31 28 28 29 29 28 28 28 29 31 30 31 29 29 45 115 132 152 158 145 138 152
171 69 51 50 41 36 37 38 35 32 28 24 25 25 23 24 24 24 24 24 24 25 25 25 27 26 29 32 30 30 30 27 27 29 30 34 35 33 32 31 32 33 32 32 34 34 37 36 32 33 34 34 30 33 37 38 38 35 33 35 33 47 56 84 109 102 123 144 61 30 30 32 33 40 39 40 45 43 42 41 41 44 41 37 36 36 35 37 38 35 34 35 37 35 32 31 32 32 70 140 62 38 33 29 27 30 35 33 29 29 29 29 28 28 28 29 28 29 31 30 59 149 150 154 163 161 149 160
148 53 49 47 43 40 42 42 41 39 30 24 25 25 23 23 23 22 24 27 23 24 27 26 26 25 26 29 31 30 31 28 28 29 30 32 31 32 32 33 31 34 34 34 35 36 35 37 38 36 38 33 30 32 36 37 36 37 34 32 32 33 46 91 118 119 78 57 34 31 33 37 44 46 40 39 45 44 42 43 43 43 41 35 34 36 36 35 37 35 36 35 35 31 33 29 30 31 33 44 39 34 30 31 28 27 32 34 33 29 27 28 26 25 27 29 29 29 30 30 66 154 155 154 160 161 154 167
127 48 46 43 38 37 41 42 40 38 28 24 27 25 23 23 23 21 25 26 24 24 27 28 25 27 27 28 32 32 31 29 30 30 30 31 33 33 33 34 34 34 33 33 35 37 38 36 35 37 38 33 29 32 33 33 32 32 30 29 27 30 41 87 120 126 76 31 32 35 42 44 44 45 37 39 46 43 42 42 42 44 41 35 36 34 34 37 37 36 38 37 33 29 30 33 35 35 31 27 26 27 28 30 28 29 29 31 32 31 29 29 27 27 28 30 32 32 32 29 57 142 155 153 158 158 157 163
95 46 44 39 37 38 39 38 33 31 26 24 26 24 23 22 24 26 25 25 26 26 27 29 27 27 28 27 27 28 30 28 27 27 29 29 34 34 34 35 37 36 31 30 34 37 36 35 35 35 37 32 26 26 27 27 27 26 27 28 28 28 30 58 122 122 55 31 37 42 45 42 43 40 36 37 42 42 41 41 42 42 39 34 36 35 35 39 37 35 36 33 32 33 33 35 34 32 29 29 30 26 27 28 29 31 30 28 28 30 29 26 27 27 30 32 32 31 31 29 40 125 158 154 156 159 161 143
41 48 45 41 37 36 36 35 29 27 26 25 26 25 22 22 25 25 24 23 25 27 28 27 27 25 24 25 28 26 27 27 25 24 30 31 31 34 35 34 36 36 33 31 33 37 35 36 35 34 35 30 28 29 30 29 32 29 31 35 36 34 28 32 86 78 32 35 40 41 42 41 43 41 38 35 42 41 43 40 40 42 37 34 33 31 34 34 34 34 33 32 31 32 33 32 29 30 33 33 31 28 26 28 29 30 31 29 27 30 30 27 26 25 30 33 31 31 32 31 33 108 160 155 157 163 137 58
53 46 38 34 31 31 33 36 34 32 28 25 24 25 25 25 25 25 23 24 26 27 28 29 28 26 25 24 27 27 26 25 24 24 28 30 32 35 35 33 35 37 35 33 34 36 35 35 34 35 34 30 30 37 39 39 38 36 36 38 39 36 38 32 39 37 33 36 40 38 38 39 40 40 38 35 42 42 42 39 42 42 36 33 32 32 33 33 35 34 30 32 31 30 30 28 29 34 36 34 32 27 28 30 29 29 32 30 29 27 30 29 27 26 29 31 30 29 30 30 29 80 156 160 167 152 62 27
51 35 29 27 27 29 31 37 36 34 31 27 25 25 26 25 25 25 24 27 26 26 27 26 28 28 25 25 26 26 25 26 26 26 26 29 31 33 35 33 34 35 33 32 35 36 35 36 35 34 35 33 35 38 39 38 39 39 38 39 38 39 42 39 34 32 32 32 34 32 31 32 33 34 33 32 39 42 41 40 41 42 35 31 31 31 36 36 35 35 32 33 32 30 29 31 33 34 34 32 33 31 30 29 29 27 29 32 31 29 28 28 28 27 28 29 27 28 30 29 27 50 144 174 152 63 24 26
33 30 30 31 29 30 30 36 38 36 32 28 27 26 25 24 26 26 27 28 27 27 27 24 26 27 26 26 25 25 24 26 25 27 29 29 33 35 36 34 34 33 32 32 33 34 35 36 36 36 35 33 36 38 39 38 38 38 38 40 39 39 35 33 37 37 34 34 33 33 38 39 39 40 33 33 40 45 42 40 43 44 35 31 32 32 38 37 33 34 34 33 33 29 28 30 31 29 31 34 34 32 33 30 32 30 27 32 30 29 28 27 27 26 28 29 28 27 28 29 28 35 122 151 61 24 26 26
28 32 41 46 42 37 34 37 38 32 28 26 25 25 23 24 26 28 28 27 28 28 27 26 26 27 29 28 27 26 27 26 25 27 31 31 34 35 36 38 38 37 34 33 32 34 36 37 37 37 34 35 39 41 40 41 40 40 40 40 41 40 37 34 33 41 43 41 40 43 43 43 41 40 35 30 38 43 42 42 43 43 34 33 34 37 37 36 34 33 33 33 33 29 29 30 29 29 34 34 33 31 31 29 32 34 29 29 30 30 28 28 28 28 28 29 29 28 26 27 27 30 57 59 26 28 26 26
33 39 43 47 46 44 43 43 40 32 28 27 26 26 24 24 26 28 29 26 26 25 26 24 28 28 28 28 27 27 26 25 25 26 29 32 34 34 38 38 37 37 34 30 32 35 36 36 37 36 33 31 39 43 41 43 41 41 40 40 41 44 39 34 37 41 44 43 42 45 44 39 36 36 34 31 37 43 43 44 43 40 33 35 34 36 35 35 34 34 33 33 32 29 30 30 30 30 32 33 34 32 32 29 30 32 32 29 30 28 26 27 26 28 28 27 27 28 27 28 26 28 28 25 28 28 29 29
35 40 46 46 46 46 44 40 36 33 31 27 27 27 26 26 25 26 28 29 26 25 26 26 29 30 27 26 27 28 27 28 29 28 29 31 36 36 37 34 35 37 31 29 32 37 36 37 36 36 32 30 37 41 42 41 40 39 40 40 42 40 37 36 41 41 40 39 42 43 40 38 36 37 33 30 39 42 43 42 44 37 30 33 37 38 37 34 33 34 32 32 30 28 29 30 30 31 32 32 35 33 32 32 30 30 31 29 29 29 30 28 25 28 29 28 30 29 29 28 29 27 27 27 29 30 30 29
37 43 51 46 40 36 33 31 30 32 31 27 28 28 25 25 25 27 30 26 24 25 25 26 27 26 27 29 30 33 33 37 40 32 30 33 35 35 38 39 38 35 34 30 30 34 35 35 35 35 32 31 32 38 42 41 38 38 38 40 40 38 35 36 39 39 39 39 40 39 36 36 38 39 35 32 40 41 42 42 42 39 32 34 36 36 34 32 31 33 32 31 30 30 31 30 30 31 33 32 34 32 31 34 32 30 31 30 28 28 29 29 28 28 28 29 29 29 30 30 29 28 28 30 30 30 31 29
43 48 44 34 29 28 29 33 33 29 29 28 31 31 29 28 27 27 27 28 28 28 31 33 34 36 37 37 38 37 37 42 42 34 32 32 33 36 37 36 35 34 31 30 30 35 39 39 35 35 32 31 33 37 41 43 39 40 39 40 39 39 36 36 45 44 38 39 40 39 42 42 41 39 39 34 39 40 40 41 42 36 34 35 36 36 34 35 35 33 33 32 32 31 29 27 29 29 32 31 32 32 30 32 31 32 30 29 29 28 27 29 28 26 28 29 29 29 32 30 34 38 31 30 32 31 30 27
45 42 34 31 34 36 40 44 45 39 30 28 31 32 33 34 33 35 37 37 39 41 42 44 45 45 41 37 35 33 36 40 42 36 33 33 35 37 38 35 35 32 32 29 30 34 37 35 33 34 32 31 34 36 39 42 41 40 40 40 40 40 40 36 39 48 42 40 41 41 43 46 44 43 41 32 37 41 43 40 39 33 32 34 34 34 33 33 36 33 31 31 31 29 30 29 30 29 29 29 30 32 31 29 32 33 30 28 27 27 27 28 27 26 27 28 29 30 33 30 29 31 29 29 31 27 27 26
38 35 36 40 39 39 42 43 44 36 28 28 32 32 34 34 36 40 41 40 39 41 44 46 47 46 44 39 38 35 34 37 40 36 33 35 33 34 35 35 37 36 35 30 32 34 36 34 34 35 31 29 32 33 34 35 37 40 40 41 42 41 40 37 36 39 41 40 38 42 44 45 44 43 37 30 36 40 41 41 37 31 33 35 34 33 33 34 35 35 37 34 34 34 33 32 29 29 28 28 30 31 33 30 30 30 31 28 28 28 28 28 28 29 29 29 29 30 28 28 28 29 31 33 30 28 27 25
33 35 34 39 43 42 39 38 36 31 28 29 31 33 34 36 36 38 40 39 39 41 43 43 45 43 43 41 39 38 35 35 35 33 33 33 34 34 35 36 34 37 35 32 33 33 36 36 36 34 30 30 34 36 35 35 38 40 42 43 42 40 38 39 39 38 40 40 44 45 43 42 41 39 32 31 37 41 37 39 34 31 34 37 35 35 36 35 35 35 35 34 33 38 43 39 37 34 31 28 29 30 32 31 28 29 30 29 29 30 30 29 29 30 30 29 28 28 29 30 31 33 33 33 30 30 29 29
40 41 38 39 42 42 41 40 37 35 32 29 30 35 35 36 37 35 36 38 40 41 41 42 42 42 42 40 39 37 37 38 38 35 33 33 35 36 35 34 36 36 35 33 35 32 38 37 36 35 33 33 34 32 36 36 39 41 38 39 40 38 39 40 43 43 44 45 47 48 46 42 35 31 31 31 35 39 38 37 32 32 34 35 36 36 36 35 33 33 33 33 33 39 45 44 46 45 39 35 31 29 29 30 29 28 29 30 28 27 28 29 28 28 29 30 29 27 30 31 32 31 31 30 31 29 27 27
43 44 42 38 39 40 40 44 42 32 28 29 33 34 32 33 36 37 37 36 38 41 41 42 42 43 41 39 38 39 36 39 38 34 33 34 39 38 36 34 35 36 35 35 35 32 35 39 37 35 30 30 32 34 36 35 38 37 35 37 39 40 41 39 49 47 41 43 42 39 37 33 30 30 30 29 32 37 39 35 31 32 34 34 34 33 33 34 32 33 33 33 33 39 45 45 45 43 41 40 34 31 30 30 30 29 29 32 31 28 28 29 30 29 31 31 30 30 31 28 28 29 29 30 31 32 31 29
42 41 40 38 39 41 40 38 33 29 27 29 32 33 34 34 36 39 37 37 40 40 40 42 39 42 42 38 37 40 38 33 33 32 31 34 37 35 36 33 34 34 34 32 32 31 35 39 39 36 29 31 34 37 36 34 37 38 39 40 45 44 43 41 60 71 45 42 43 39 35 33 35 35 31 29 33 40 39 34 30 33 33 33 34 35 34 34 33 33 32 32 34 39 44 45 46 42 40 37 35 35 35 33 31 29 29 30 31 29 28 30 30 30 31 31 30 28 27 27 27 27 29 29 29 29 27 29
40 38 40 41 39 36 35 34 33 34 29 27 30 33 34 34 35 38 39 39 42 41 40 43 40 42 39 37 35 37 36 32 33 32 33 35 36 35 33 32 34 34 33 35 33 31 32 37 36 33 31 32 37 38 36 37 39 39 40 40 42 42 41 41 45 57 48 43 44 44 43 40 39 41 37 31 31 38 36 31 29 33 33 34 33 33 32 33 33 33 32 31 33 36 41 42 43 40 38 35 35 36 35 34 31 32 30 30 31 29 27 30 29 29 30 30 30 27 26 26 25 27 29 29 30 28 28 28
35 38 39 36 35 35 38 38 37 34 28 30 33 37 38 39 38 38 39 41 43 42 42 42 42 40 38 39 37 36 35 33 34 32 33 34 37 36 31 33 34 33 34 34 33 32 30 34 35 33 30 32 31 31 32 32 33 36 34 37 40 40 41 39 39 41 40 39 42 38 39 41 40 39 38 31 30 36 36 30 31 32 32 32 32 32 32 32 32 32 33 32 32 34 40 40 40 39 39 37 34 35 34 33 33 31 31 30 29 29 29 30 29 28 28 27 30 27 28 27 27 27 29 28 28 29 31 28
38 36 36 37 38 37 37 37 33 32 30 35 37 38 38 38 37 39 41 42 41 41 40 40 41 41 45 42 38 34 35 36 35 32 33 32 37 36 34 34 33 32 35 34 31 30 31 33 35 34 31 30 29 29 30 32 33 34 33 34 37 38 38 36 38 39 37 37 38 36 35 35 36 35 35 32 33 35 34 32 33 35 34 33 32 33 34 33 32 29 32 33 32 34 38 41 40 38 36 37 36 36 35 34 33 32 31 29 29 29 30 29 28 27 27 29 30 29 28 28 27 28 29 28 25 26 28 29
34 35 35 39 36 35 35 35 34 35 37 42 38 36 36 36 36 38 37 37 37 39 40 39 39 39 75 55 36 37 36 36 36 33 34 34 36 37 36 35 36 34 35 35 31 31 33 35 36 34 35 34 37 36 36 35 35 37 36 37 37 36 37 36 36 34 34 35 36 37 37 38 39 37 34 31 32 35 32 31 32 32 33 31 32 33 33 32 32 31 32 33 30 34 38 38 35 34 35 36 34 32 33 34 31 29 31 30 30 29 28 27 28 29 29 27 28 25 23 27 27 27 26 26 25 26 25 28
34 35 36 37 37 37 37 35 36 35 36 40 37 39 38 36 36 35 34 36 37 38 37 36 37 38 87 93 40 36 34 34 34 32 33 34 38 36 35 36 36 34 36 36 33 32 32 35 38 34 35 34 36 36 36 36 34 34 34 33 38 38 37 36 37 37 35 36 37 39 38 39 39 35 31 30 31 35 31 31 31 31 33 32 31 31 32 33 33 33 32 32 30 34 39 37 35 34 34 33 32 33 33 31 28 31 31 30 30 28 28 28 27 28 29 28 32 61 60 33 26 27 29 31 32 33 30 31
34 37 36 34 37 40 36 34 36 37 37 38 37 38 36 36 39 36 34 35 36 36 35 38 40 40 74 144 52 37 35 34 34 35 35 34 37 34 36 35 35 35 36 35 35 33 33 36 39 34 33 33 32 33 35 35 35 35 34 33 35 37 37 34 36 43 39 36 38 40 39 40 37 35 31 29 32 34 32 31 31 32 30 31 32 32 31 31 31 31 31 31 30 33 38 34 34 34 33 32 32 32 31 29 27 28 28 29 29 28 26 28 28 26 27 27 38 126 155 108 40 28 29 32 34 35 36 36
30 34 36 35 37 37 32 33 35 35 35 38 39 39 37 35 37 36 35 36 35 36 36 37 40 39 56 140 62 35 32 32 32 34 35 34 33 32 35 34 36 37 35 34 32 32 34 34 35 32 31 33 33 34 36 36 36 36 36 35 38 38 38 36 35 38 41 40 40 43 40 39 37 35 33 30 31 32 30 31 31 31 29 30 32 31 31 32 31 30 31 33 32 32 36 35 34 32 32 31 32 31 30 29 28 27 27 28 29 28 26 28 27 27 26 27 30 70 129 162 118 49 26 27 29 29 31 32
29 33 39 39 37 35 34 35 35 35 36 39 38 37 38 37 38 34 35 37 38 39 37 39 39 37 36 93 63 32 30 29 31 31 34 34 32 33 34 33 35 35 35 34 32 33 33 33 34 31 30 31 34 35 37 37 37 34 34 36 39 38 37 35 36 37 39 39 40 41 39 39 39 36 35 32 33 33 31 33 33 31 30 32 34 31 31 32 32 33 34 33 34 33 35 33 32 32 32 30 29 30 30 29 29 27 28 28 29 27 25 25 27 29 29 29 29 66 108 133 164 146 83 36 24 28 26 25
30 34 37 37 36 33 32 34 33 36 37 38 38 35 36 35 38 36 37 38 39 40 37 37 38 39 33 54 75 36 31 30 29 32 33 34 35 35 33 32 34 34 34 31 32 32 32 33 32 32 32 31 32 34 36 35 37 36 36 37 37 38 37 34 34 35 36 37 37 38 38 37 36 37 36 33 33 35 31 33 32 32 32 32 34 33 34 34 34 34 34 34 32 31 34 35 33 32 31 30 30 32 31 30 29 28 28 28 27 27 27 26 26 27 28 28 27 80 149 137 142 167 164 112 52 30 30 28
28 33 35 34 32 32 31 32 33 35 36 37 37 35 36 37 38 38 39 40 40 39 39 38 38 40 35 41 112 57 32 32 31 33 34 34 36 35 35 34 35 35 33 33 33 32 32 36 33 31 32 32 33 33 35 34 35 35 35 37 38 38 35 34 35 30 33 37 38 37 37 35 33 33 32 31 33 33 29 31 31 35 34 31 34 35 36 37 34 33 32 34 35 32 34 35 35 32 28 28 31 31 31 31 30 28 30 29 27 28 28 26 26 26 28 27 26 80 149 161 159 162 168 162 145 58 27 28
27 32 33 33 32 32 32 32 35 34 35 34 37 37 38 37 36 38 37 37 38 38 39 39 39 39 32 34 114 70 30 32 32 32 33 34 36 34 34 36 35 35 33 34 33 32 32 31 33 31 31 34 34 34 37 36 37 34 34 35 37 35 35 34 35 34 34 35 36 36 35 35 33 33 33 32 34 32 31 32 33 35 33 33 34 36 37 34 34 34 32 31 34 33 34 35 35 32 29 30 31 31 30 30 29 27 30 27 27 27 28 29 28 27 27 28 28 59 107 123 145 152 161 159 165 116 30 26
29 31 33 30 30 31 33 32 33 35 34 35 35 37 39 37 37 38 38 37 37 36 36 40 39 38 34 30 70 51 31 31 32 33 34 35 37 36 36 36 34 34 34 35 34 33 33 33 31 30 34 34 35 36 35 36 35 36 35 34 37 34 36 33 32 39 41 37 37 37 35 37 34 35 34 32 33 33 34 35 34 35 34 35 34 36 36 34 34 34 34 33 34 34 33 32 32 32 33 33 33 32 29 29 28 29 33 29 28 25 27 30 28 29 28 28 28 62 84 106 125 141 153 158 155 144 61 34
31 33 33 30 31 31 31 33 34 37 35 35 38 37 37 37 37 36 39 39 37 37 37 39 39 31 30 31 34 33 31 30 31 33 35 36 37 36 35 35 35 34 34 35 34 35 34 34 32 33 35 35 34 34 35 36 36 38 37 39 39 39 39 37 37 41 41 38 38 37 36 35 35 35 37 33 32 34 34 34 33 34 34 34 32 35 34 34 35 33 31 34 34 33 33 32 31 31 33 31 32 32 32 31 30 32 32 28 28 26 28 29 30 27 27 25 28 41 54 79 119 138 146 158 156 158 136 119
31 33 33 32 33 32 33 34 33 34 35 35 40 38 36 36 38 38 39 38 38 38 38 38 35 31 32 33 30 31 29 30 32 34 34 34 35 35 34 36 37 36 35 35 35 35 35 33 34 33 34 36 38 37 35 37 36 36 35 38 39 40 37 36 37 39 36 37 38 38 39 36 33 33 35 34 34 33 34 33 32 33 33 31 32 34 32 35 35 31 30 34 32 32 32 31 30 30 32 32 31 32 32 30 29 28 29 28 28 28 28 26 27 27 28 26 26 28 49 97 136 154 163 165 163 165 160 159
31 32 33 32 30 31 32 32 33 33 33 36 37 39 37 37 39 40 39 38 39 40 40 36 33 33 32 32 30 33 33 30 28 31 36 35 34 34 35 36 36 36 36 36 36 36 34 32 34 36 35 35 38 37 36 37 36 35 35 36 36 37 36 32 33 35 33 36 39 38 37 37 37 34 34 33 34 34 34 32 33 35 34 33 34 33 34 35 35 35 34 33 31 31 32 31 31 30 31 31 32 31 31 30 30 30 27 26 29 30 28 26 28 27 34 36 25 43 107 152 161 156 166 169 174 169 165 152
31 32 33 32 32 31 32 33 35 33 34 35 34 36 37 39 40 41 40 39 39 40 39 35 31 32 30 29 29 32 33 32 28 31 35 35 34 36 37 36 37 36 35 35 33 34 36 34 35 38 37 36 35 36 38 40 38 37 38 38 39 37 37 34 32 31 32 34 34 37 37 37 36 32 34 34 33 34 32 33 34 35 36 35 34 34 37 37 34 35 35 33 33 32 33 33 32 30 31 32 30 29 30 29 29 28 29 28 30 30 28 27 28 46 90 100 85 108 130 140 132 111 108 136 158 161 149 106
30 29 31 31 32 33 33 32 33 33 34 34 32 34 37 39 42 41 40 40 39 38 34 33 32 42 34 29 33 30 29 32 33 33 32 33 34 36 37 38 37 36 35 36 35 34 35 36 35 35 34 36 35 36 38 37 37 35 34 35 36 36 35 34 34 35 33 34 35 36 35 34 33 32 34 33 32 32 33 33 34 34 33 33 35 35 36 37 34 35 35 34 34 34 34 32 31 31 30 31 30 30 32 31 30 28 31 31 30 29 28 29 33 79 118 135 147 134 109 120 144 153 158 157 133 97 80 103
29 29 28 29 29 29 30 31 29 31 29 30 31 34 36 38 38 38 38 39 36 34 31 31 37 69 46 52 44 31 29 33 40 37 34 34 34 35 34 35 35 35 34 35 36 34 33 35 34 34 33 34 33 35 35 36 33 33 34 35 37 37 38 36 35 39 38 35 34 31 32 32 30 29 30 29 32 33 33 33 33 33 34 34 34 34 34 35 35 34 33 33 35 35 33 32 31 31 30 29 28 30 30 30 28 29 31 31 31 28 28 30 36 64 87 114 134 127 90 65 80 105 141 128 75 79 127 161
28 27 28 27 26 28 30 28 31 32 27 30 31 31 31 34 35 36 35 36 32 30 29 28 35 48 100 123 48 35 30 32 39 36 33 34 33 32 34 35 34 35 35 34 36 35 34 33 34 33 34 34 33 34 35 33 32 35 36 36 39 39 41 38 37 38 39 37 38 35 34 34 32 32 33 29 30 31 33 34 31 31 35 34 32 34 35 35 34 32 33 34 35 34 35 32 30 30 31 29 27 27 30 27 25 28 28 28 29 27 29 28 30 36 48 65 84 86 83 66 59 60 61 61 89 111 103 78
27 27 28 26 27 30 31 31 32 29 29 30 30 32 32 31 33 34 32 31 27 27 30 29 30 35 113 106 44 37 33 30 34 35 33 33 33 33 37 35 34 33 34 35 37 35 34 32 32 33 34 33 35 35 34 34 35 36 35 35 35 34 38 37 34 38 36 37 39 41 40 36 35 34 34 33 33 32 31 33 32 32 32 34 34 35 36 34 34 34 36 36 35 33 32 33 32 31 31 29 28 28 30 29 27 25 28 27 28 28 27 26 27 27 26 32 39 39 42 44 38 33 32 51 60 39 31 32
28 27 28 29 29 29 29 31 32 30 31 29 28 28 29 29 31 31 28 29 53 75 38 30 31 40 59 55 48 35 32 30 33 33 34 35 34 33 34 35 36 34 34 36 35 34 30 28 28 30 32 33 34 36 35 36 35 35 34 35 33 33 37 35 38 38 33 34 37 37 38 35 36 35 36 34 33 32 30 33 35 35 34 35 37 36 35 35 35 33 35 37 36 33 32 32 33 31 29 28 27 28 29 28 28 27 29 28 27 27 26 27 27 25 24 27 27 26 27 28 26 25 27 28 24 27 30 30
29 30 30 30 31 29 28 30 33 33 34 31 28 30 30 29 29 30 28 33 117 128 39 33 36 38 36 39 38 37 38 33 33 31 31 33 34 31 31 32 35 36 34 34 34 32 30 30 30 30 32 34 33 33 34 34 34 33 33 34 32 33 34 34 56 47 33 36 35 34 35 34 35 35 35 34 34 33 33 33 34 36 38 41 41 37 36 35 34 34 33 32 34 33 33 31 31 30 30 29 29 29 27 26 27 28 28 28 26 29 30 28 29 28 27 27 26 27 28 26 27 26 27 26 25 26 28 26
28 28 28 27 32 31 30 31 34 35 34 32 30 30 29 29 28 30 28 34 111 92 32 33 35 37 36 33 32 47 54 35 32 30 31 33 33 32 32 32 34 35 32 33 37 31 29 30 31 31 32 32 32 33 33 35 34 34 32 32 34 34 33 40 46 35 33 34 34 34 35 35 34 33 31 31 32 35 36 38 40 45 45 44 43 41 40 39 36 34 32 33 35 35 34 33 30 31 33 31 28 29 29 28 28 28 29 28 28 27 27 29 31 28 28 27 26 26 27 28 27 26 26 26 27 28 27 28
28 28 28 28 29 29 30 31 32 31 31 30 29 29 29 29 28 30 30 31 45 40 31 34 36 39 41 38 42 62 55 33 33 33 31 29 32 32 32 32 31 31 30 36 32 31 31 31 32 32 34 34 32 33 34 35 35 35 36 38 35 35 35 58 79 42 35 34 33 35 34 35 33 32 31 34 37 42 43 45 48 49 46 45 45 44 45 43 40 37 33 37 36 36 36 33 31 32 31 31 30 32 29 30 30 31 29 28 29 29 31 30 31 32 33 31 29 29 29 30 30 28 27 25 25 27 26 28
26 28 28 27 27 27 29 29 29 28 27 29 28 28 29 29 30 31 29 28 28 30 33 38 45 45 47 44 50 58 38 32 34 34 33 30 30 32 30 31 31 32 32 34 32 32 32 33 32 31 32 33 32 32 32 32 33 35 37 38 36 35 35 35 44 42 35 35 33 34 33 36 37 37 41 44 49 47 45 48 46 45 45 45 46 45 45 45 46 44 40 35 33 37 37 34 30 31 31 29 30 30 31 31 30 28 27 27 29 30 31 31 32 34 32 31 32 31 32 30 30 28 28 28 26 25 25 26
24 25 26 26 26 28 29 28 28 29 30 30 28 29 28 32 36 34 34 37 32 31 36 47 54 55 56 51 52 47 32 32 32 32 34 32 31 33 32 32 33 34 34 34 32 32 32 33 33 34 34 34 35 33 32 31 31 34 35 35 37 36 32 34 42 39 35 34 35 36 37 40 43 45 46 48 49 48 47 48 44 44 45 45 45 45 46 46 48 45 43 36 33 36 35 34 32 33 33 30 30 29 29 29 29 27 26 27 28 29 30 30 32 33 31 32 32 30 31 30 30 29 28 29 28 29 29 30
24 24 27 26 26 27 29 28 29 32 32 30 29 30 31 38 41 36 41 45 37 33 40 53 55 57 56 56 56 45 33 32 31 31 32 32 32 33 33 36 34 34 36 34 32 31 33 35 34 33 34 34 33 32 32 33 32 31 32 34 34 52 88 81 66 48 38 35 38 40 44 46 45 48 48 48 49 49 48 47 45 44 44 47 45 45 49 50 49 46 43 36 32 34 34 34 34 33 32 31 29 28 29 29 27 25 27 27 28 30 29 29 32 33 32 30 31 30 30 31 30 28 28 29 29 30 29 30
27 26 26 26 27 28 28 28 28 30 31 31 31 33 35 45 44 36 43 47 42 40 45 51 53 52 51 56 55 40 33 32 33 32 32 32 32 32 35 35 34 34 35 32 32 33 33 35 34 35 34 33 31 31 33 33 31 29 31 32 33 55 122 132 105 63 40 34 41 46 46 46 45 45 48 49 48 47 46 46 46 45 45 44 45 45 46 46 47 47 46 38 32 33 34 33 31 32 33 30 27 28 29 29 27 28 29 28 28 29 29 31 30 31 32 30 30 29 29 29 26 26 26 26 27 27 28 26
48 32 26 27 28 27 28 28 29 31 32 31 32 34 39 43 47 53 45 44 46 46 48 51 50 49 50 51 47 36 33 31 30 32 32 31 32 33 32 34 34 34 33 33 32 32 32 35 36 37 34 34 36 35 35 35 35 34 34 33 33 33 33 34 35 36 39 44 46 47 46 46 47 47 49 48 48 48 46 45 44 44 46 46 46 44 44 46 47 46 45 38 33 33 35 33 31 30 32 32 30 29 30 28 29 32 31 31 30 30 30 32 32 32 31 31 30 28 28 28 26 26 26 26 25 27 27 27
96 68 41 30 29 28 29 29 29 33 32 30 32 36 39 41 53 60 42 41 43 46 48 49 47 47 48 43 35 32 33 33 32 32 31 29 33 33 32 34 36 36 31 30 31 31 35 35 36 36 35 35 36 35 34 36 35 34 33 33 33 33 35 36 38 40 47 48 45 46 45 47 48 48 46 45 47 47 48 47 44 46 47 45 45 45 46 47 46 47 45 34 32 32 33 32 31 29 31 29 31 35 31 34 38 40 37 38 35 35 31 32 34 33 33 32 29 30 29 27 28 29 29 28 26 24 25 27
133 116 85 47 30 30 30 31 32 34 31 33 34 36 37 38 41 42 35 38 41 46 47 47 44 43 40 33 31 33 33 34 34 32 33 34 33 34 35 36 35 35 31 31 33 32 33 36 36 35 35 38 37 35 36 36 37 36 36 34 36 37 37 39 45 46 47 47 47 46 46 48 48 47 46 45 47 48 47 48 48 47 46 44 46 48 47 48 48 48 43 40 35 33 32 33 32 30 30 29 30 34 37 40 42 42 38 39 39 37 35 35 35 34 34 33 31 31 30 29 29 29 29 28 26 26 28 27
153 143 123 85 44 32 30 31 32 37 45 38 34 36 37 36 34 35 35 36 39 44 46 44 40 37 33 32 34 33 33 34 35 33 34 35 34 34 37 36 36 35 31 30 33 33 34 35 35 34 35 34 36 36 34 37 37 36 36 36 37 36 40 45 47 48 47 47 48 47 50 50 49 49 48 47 47 48 47 47 48 47 49 48 47 49 48 48 47 46 44 57 42 33 30 31 30 31 30 33 35 39 43 43 41 40 37 37 38 36 34 36 38 38 36 33 31 30 31 32 31 31 29 28 26 27 29 27
161 155 144 116 71 39 32 31 32 37 65 71 43 34 35 39 36 36 35 33 33 38 37 37 37 37 36 35 34 33 32 34 34 33 33 35 35 35 37 37 36 33 33 32 33 33 33 34 38 38 36 36 37 37 36 38 39 40 38 38 40 40 45 48 48 48 46 49 50 47 50 51 51 51 51 49 47 48 50 49 48 50 50 50 50 51 50 48 45 44 49 57 44 35 31 31 32 31 33 37 38 43 43 40 39 39 39 37 37 36 35 39 38 37 34 35 33 32 32 33 34 31 32 32 29 28 28 28
158 160 154 135 102 59 37 34 34 33 54 99 87 49 36 36 36 38 35 33 34 35 35 35 36 36 37 33 33 33 34 34 34 33 35 35 32 35 36 35 34 32 33 32 32 31 33 33 34 35 36 35 36 38 39 38 39 41 40 39 38 41 45 48 49 48 46 48 51 48 49 49 49 49 49 49 49 49 51 51 49 47 49 51 51 50 49 47 46 44 50 54 47 39 34 34 36 36 36 36 42 45 40 38 39 38 38 37 36 35 35 37 37 36 35 35 35 35 33 34 35 32 31 30 31 31 29 30
155 165 162 150 122 81 47 39 36 34 37 74 118 97 54 37 36 36 36 36 37 34 35 34 35 35 34 33 32 35 36 34 35 35 34 34 32 34 36 35 33 33 32 32 32 32 33 34 34 35 35 35 36 37 38 38 40 42 39 37 38 42 46 49 48 48 49 49 51 51 49 50 48 48 49 51 49 46 50 51 48 46 49 50 49 48 48 48 44 41 50 56 62 56 49 66 44 40 39 38 41 45 40 37 36 37 37 37 36 36 37 39 39 37 37 36 36 37 34 34 35 33 31 30 31 30 29 29
157 163 167 159 138 104 64 41 36 36 33 43 96 124 95 50 35 35 35 37 37 34 32 33 35 36 34 34 34 35 34 32 32 35 34 32 33 34 34 33 34 34 34 35 35 35 34 34 35 36 36 35 34 34 35 36 38 39 36 35 39 44 47 48 47 46 49 50 49 50 49 49 49 50 52 51 51 49 50 51 49 49 49 46 45 47 46 43 39 50 58 54 60 61 75 129 62 41 42 40 39 40 40 35 34 36 36 36 36 36 36 37 39 37 37 37 35 34 36 36 33 33 32 30 30 29 29 30
159 161 164 165 150 125 82 45 36 38 36 34 63 113 114 67 36 36 35 36 34 33 34 34 35 37 33 34 35 34 33 33 33 34 33 33 34 35 32 32 32 34 33 32 33 31 32 33 35 34 33 33 34 34 36 36 37 36 36 37 40 46 47 47 47 49 49 48 49 49 47 48 47 50 52 50 50 46 46 49 48 49 48 48 46 47 41 36 42 64 60 49 49 51 72 144 69 38 41 39 39 39 39 36 37 36 35 35 36 35 35 36 37 35 35 36 36 35 35 36 34 33 33 31 30 29 28 28
163 162 163 163 157 141 105 58 38 38 36 34 41 84 105 84 44 36 36 33 32 34 36 36 34 34 34 33 33 32 33 34 33 33 34 35 35 34 32 31 33 34 33 32 33 31 32 33 35 33 33 35 34 33 34 35 35 36 37 37 41 46 49 48 46 47 49 48 49 49 48 47 47 49 51 49 48 47 46 47 49 46 46 44 44 39 34 32 49 66 56 46 48 44 69 143 65 37 39 39 38 38 38 35 37 40 35 36 36 35 36 37 37 35 35 34 35 35 34 33 34 33 33 32 31 31 30 31
160 156 156 156 151 143 118 70 41 37 34 36 37 56 94 91 45 34 36 34 33 35 36 35 34 33 33 33 33 34 36 34 34 34 35 35 36 34 33 31 32 34 33 34 35 32 32 32 34 33 34 36 36 34 34 36 36 36 36 37 43 49 49 49 48 47 47 49 50 47 48 50 50 50 51 50 49 49 50 47 46 46 46 41 37 34 33 42 62 69 52 42 45 49 100 142 55 39 42 41 36 35 37 36 38 38 36 36 35 38 37 37 39 38 37 35 34 36 34 33 33 32 31 30 31 31 30 30
154 142 140 142 146 141 120 78 43 35 35 35 37 45 88 78 37 35 36 35 34 33 33 33 33 34 33 32 33 34 33 35 33 32 34 35 34 34 33 33 34 34 34 34 35 35 34 33 34 34 33 35 37 35 35 35 34 36 37 37 51 62 47 48 51 49 49 51 50 47 50 49 49 50 51 51 50 50 49 49 49 46 39 38 33 32 38 57 72 68 46 40 42 71 146 131 47 40 42 42 37 36 36 38 38 36 36 35 38 39 35 37 38 39 38 36 35 36 34 34 34 32 31 31 32 30 26 27
146 131 119 125 134 131 113 78 46 35 33 36 41 42 74 54 35 37 36 35 36 35 34 32 33 34 34 34 33 35 34 34 34 32 33 33 32 32 32 33 35 34 33 35 37 35 36 35 35 36 35 34 36 37 36 36 34 35 39 38 51 56 41 46 48 49 52 52 51 50 50 49 50 52 50 51 54 50 47 46 45 41 37 34 34 36 48 65 75 66 44 40 45 105 160 113 41 41 41 42 38 37 38 40 38 35 35 38 40 40 39 37 37 36 37 36 37 36 34 35 34 32 32 33 33 31 28 29
139 124 107 106 114 113 101 77 49 36 33 37 41 40 45 38 36 37 35 34 34 35 33 33 35 34 33 33 33 34 35 33 34 33 33 32 32 31 33 33 33 34 32 33 34 35 35 36 36 35 36 36 35 35 37 37 36 35 39 37 40 41 39 40 44 46 49 52 52 52 50 48 51 51 50 48 47 46 42 46 45 37 35 34 38 46 54 67 74 66 48 46 71 135 156 99 37 40 44 42 37 38 38 38 40 36 35 37 39 39 38 37 38 36 36 38 38 37 34 34 33 33 32 32 32 31 29 29
127 113 104 100 99 105 97 76 53 41 35 37 40 39 37 35 38 37 34 34 34 32 33 34 35 33 32 34 35 35 35 36 35 34 35 33 34 33 34 33 32 34 33 33 35 34 34 35 35 37 37 35 34 33 35 36 35 35 35 35 37 39 38 36 40 43 43 46 47 47 46 45 45 45 45 44 41 40 39 80 102 47 35 39 46 57 82 104 97 83 63 72 111 151 157 84 38 40 44 42 36 39 39 39 39 37 38 39 39 39 38 36 38 36 38 38 36 34 35 34 33 34 32 32 31 32 30 28
118 106 102 99 99 105 99 79 56 41 35 38 40 40 40 36 35 35 33 34 34 33 34 33 33 33 33 35 34 35 32 34 33 34 34 36 35 34 34 35 34 32 32 34 36 34 34 34 36 36 35 33 32 33 35 35 34 36 36 36 38 39 39 38 37 40 46 42 38 36 37 39 38 37 37 38 38 41 53 100 104 44 43 52 59 80 127 141 132 117 95 106 131 154 155 71 42 42 44 41 38 37 37 37 36 38 40 39 39 38 38 38 37 37 39 37 36 35 34 32 32 34 32 32 30 30 32 30
118 110 104 106 108 116 110 87 66 48 39 39 38 38 40 37 34 33 34 34 34 34 33 34 34 34 33 31 32 35 35 33 32 32 33 36 35 34 33 35 34 33 34 35 36 34 35 33 35 35 35 34 34 34 34 35 36 36 36 35 36 37 38 38 36 37 44 44 36 32 34 34 34 35 37 38 44 50 47 52 49 48 56 61 69 100 117 117 125 130 122 123 140 156 148 59 40 42 42 38 37 36 38 38 39 41 41 40 41 40 39 39 40 39 39 38 37 35 34 35 34 34 34 32 32 32 31 32
124 119 113 117 120 126 123 105 80 55 39 37 39 42 42 36 34 35 36 36 33 34 33 33 33 33 34 33 35 36 35 34 36 35 34 34 35 33 33 35 35 34 35 36 35 36 36 34 35 36 37 36 36 36 35 36 35 36 36 35 35 36 36 35 37 35 38 40 36 33 34 36 36 37 38 40 42 38 35 36 47 62 62 64 82 105 100 98 110 126 132 133 146 156 136 48 38 42 40 37 36 39 39 39 39 43 42 41 41 41 39 39 40 38 38 35 36 35 36 37 34 33 32 31 32 32 29 29
131 129 125 128 132 131 131 118 92 60 44 40 40 41 41 38 35 35 35 35 35 36 36 33 32 32 34 34 34 35 36 34 35 37 36 35 35 34 34 34 34 34 35 35 34 33 36 35 35 35 36 37 37 35 36 36 37 37 36 35 37 37 35 35 36 36 36 37 37 36 35 35 36 39 40 38 37 36 38 56 69 68 65 68 88 117 120 103 108 128 129 133 145 153 120 42 38 39 39 36 38 40 39 40 39 41 41 41 40 41 40 38 38 38 39 35 35 35 35 36 33 32 30 30 31 30 30 30
136 136 132 132 136 138 137 126 101 66 45 41 37 37 39 38 37 36 35 35 34 34 34 34 33 33 35 35 36 35 37 35 36 35 35 34 33 33 35 35 35 34 34 34 33 32 35 35 34 35 36 37 36 35 36 36 36 37 36 35 37 37 36 36 35 35 36 36 38 37 35 35 36 36 38 39 36 35 56 89 90 84 76 75 90 125 129 125 128 130 120 126 135 139 99 40 39 39 38 36 38 38 39 40 40 40 41 40 41 41 40 39 38 39 39 38 35 36 35 33 32 33 33 33 31 31 32 32
140 138 136 135 136 139 140 130 104 71 45 40 38 36 37 36 36 36 35 36 36 35 33 32 32 33 34 34 38 37 36 36 38 34 32 32 32 32 33 33 35 34 32 35 33 34 35 36 35 35 36 37 37 38 38 37 37 38 37 37 38 37 35 35 36 36 37 37 36 37 35 34 35 34 36 36 35 44 86 106 107 104 97 92 106 125 123 125 120 118 107 114 117 118 77 38 39 39 36 36 37 40 39 40 39 39 41 41 40 41 42 38 37 36 36 36 35 33 34 34 33 34 32 32 31 31 32 31
138 134 135 135 134 135 139 127 107 76 45 38 38 37 35 33 34 35 35 35 35 35 35 34 33 34 35 35 37 37 37 37 37 33 33 32 32 33 34 34 36 34 35 36 36 35 35 37 37 37 38 37 36 39 40 38 38 39 38 37 36 38 37 37 35 37 37 38 37 37 35 35 37 36 37 36 39 74 109 112 117 120 112 107 119 116 113 119 117 111 90 91 93 98 66 38 39 37 36 39 39 40 39 39 41 40 39 41 42 42 40 38 36 36 34 35 34 33 33 32 32 33 32 31 30 32 31 31
132 130 130 131 129 129 132 126 107 77 45 37 36 36 36 33 34 35 35 36 36 36 36 36 35 35 35 35 36 36 35 35 36 35 34 34 35 35 35 36 35 35 36 36 37 38 37 39 39 38 38 38 36 39 38 39 37 36 37 36 35 36 35 37 37 37 37 38 38 37 36 39 38 36 37 40 60 94 101 108 122 126 121 116 115 110 109 114 116 97 68 68 72 84 60 38 39 37 37 41 40 42 42 40 40 39 40 42 41 41 40 40 37 36 35 36 35 34 34 33 32 32 31 33 35 36 33 30
125 126 127 127 126 128 130 124 103 73 46 37 35 36 36 34 34 36 36 38 37 37 35 35 36 36 36 35 36 37 36 35 34 33 35 35 36 36 35 36 34 36 36 37 38 39 39 40 39 40 39 39 40 40 37 37 38 37 37 37 37 38 37 37 39 38 38 36 37 37 37 38 38 38 37 55 91 93 87 99 120 127 122 114 111 109 108 109 99 72 52 48 51 70 51 38 40 37 37 41 42 43 41 42 40 41 39 39 40 40 41 39 37 35 36 35 34 35 36 35 33 32 31 33 36 35 33 31
