72 75 73 75 80 73 71 83 90 90 84 77 82 91 84 69 68 77 74 62 61 70 70 61 56 63 67 66 64 64 63 60 46 60 67 62 56 56 54 49 52 52 56 59 57 52 51 53 53 53 54 53 53 51 50 49 46 47 45 45 48 52 50 43 41 51 36 48 46 33 51 45 33 41 48 48 43 40 42 47 37 41 43 41 39 39 34 28 31 31 30 62 81 26 28 24 23 25 25 23 20 21 27 34 29 25 22 24 30 34 32 29 30 34 31 76 127 142 121 42 38 102 102 49 29 29 29 40
70 71 66 67 73 70 69 80 85 88 84 76 76 83 80 71 70 76 74 65 62 66 67 64 64 69 71 69 68 69 68 64 54 65 69 63 58 58 53 46 52 51 53 56 55 51 52 56 52 52 52 51 50 49 47 47 46 47 46 45 48 52 50 43 44 41 41 37 43 50 41 33 50 43 38 41 48 48 41 32 41 44 44 42 43 45 43 38 29 30 29 61 80 24 26 22 29 26 24 26 31 32 29 25 23 23 25 30 37 41 40 38 36 34 62 110 132 149 134 123 108 139 108 52 52 68 58 46
73 73 66 65 74 73 73 83 79 85 84 74 70 73 75 72 72 74 75 69 63 60 63 67 63 66 67 66 68 70 67 62 49 58 61 55 51 53 50 43 52 51 53 56 56 53 55 60 53 53 52 51 49 48 47 46 46 47 46 45 49 53 50 44 42 37 55 33 30 50 37 48 41 33 28 33 45 53 51 46 41 42 41 39 40 44 43 38 29 29 28 60 79 23 25 21 24 20 16 16 20 24 25 25 30 29 28 27 27 27 27 27 36 29 75 135 147 175 140 152 142 160 116 52 53 81 78 63
72 74 68 67 77 77 75 81 77 81 80 72 67 69 72 71 73 73 74 72 63 55 59 68 57 61 63 64 67 69 64 57 52 64 68 60 55 58 61 60 51 51 55 59 60 57 58 62 57 56 54 52 51 50 49 49 47 48 46 45 49 53 50 44 41 39 52 42 35 39 31 41 23 36 50 54 49 42 38 38 39 40 39 37 39 43 40 34 29 29 28 61 80 24 26 22 23 29 33 32 28 27 33 39 23 23 22 22 23 28 36 41 33 34 64 135 142 174 137 139 134 146 104 44 47 83 86 65
64 71 68 67 75 75 70 74 77 78 76 71 68 69 69 67 71 71 72 70 61 53 57 67 57 63 67 67 68 67 61 54 53 68 74 62 50 49 55 57 48 50 55 61 61 57 56 59 57 55 54 52 50 50 50 50 47 48 47 46 49 53 51 45 46 45 35 49 49 33 42 41 80 99 117 116 94 67 49 42 38 40 40 40 44 48 43 36 30 31 30 62 81 25 27 23 17 21 25 26 24 22 22 22 27 29 30 31 31 33 37 40 36 43 49 135 137 149 142 148 118 115 74 30 43 79 70 33
61 73 73 69 74 73 69 72 75 75 74 72 69 67 66 65 67 70 70 65 58 55 58 62 56 63 67 64 62 61 59 55 64 81 88 76 60 54 52 50 49 49 54 58 57 53 51 54 53 52 50 49 48 48 49 50 48 48 47 46 50 54 51 45 45 56 37 45 40 39 97 124 99 93 84 72 59 47 38 33 35 36 35 36 42 48 45 37 31 31 30 63 81 26 28 24 40 27 14 11 19 28 30 29 23 25 28 31 32 31 28 26 44 35 31 133 159 158 154 146 142 142 114 75 69 88 84 55
61 76 76 69 70 69 67 73 68 73 77 75 67 61 62 66 63 69 67 58 55 59 60 57 50 58 62 59 56 61 69 73 88 105 118 115 107 98 86 74 57 55 55 56 54 50 52 56 52 51 49 48 48 49 51 52 48 49 47 46 50 54 51 45 45 57 51 40 47 87 146 178 126 105 77 57 50 52 54 54 43 39 33 31 36 43 41 35 30 30 29 62 81 25 27 23 18 18 20 24 29 33 34 35 29 25 22 23 30 37 41 43 44 28 30 85 135 171 162 132 130 130 113 75 48 53 61 51
57 73 73 62 60 60 62 70 62 71 80 77 65 55 58 67 60 68 66 54 53 62 62 53 48 57 62 59 59 70 87 98 83 101 119 128 131 125 106 85 67 62 58 57 54 51 55 62 54 52 51 50 50 52 54 55 48 49 48 47 50 54 52 45 52 45 52 42 86 155 149 133 157 145 127 106 86 70 57 51 60 52 40 32 35 41 41 35 29 29 28 60 79 23 26 22 21 63 113 138 130 109 93 89 99 80 53 34 28 30 35 37 37 39 49 19 57 149 164 140 148 128 101 71 54 63 68 53
56 74 77 67 65 63 64 73 65 75 79 71 62 60 63 65 64 67 67 61 53 51 56 63 54 49 63 47 81 103 43 59 75 101 125 132 134 135 128 118 90 68 58 46 69 49 50 52 50 50 49 49 49 49 49 49 51 51 50 49 49 50 51 51 54 33 45 77 153 118 144 162 160 158 148 135 127 117 95 73 101 101 94 68 41 39 40 26 27 34 21 59 85 6 30 77 142 161 173 160 132 118 129 147 155 145 131 94 46 26 34 42 33 38 28 39 37 112 157 137 139 130 108 74 58 70 67 41
61 76 74 64 62 59 57 63 66 72 76 73 64 59 62 68 70 70 67 60 53 51 54 59 45 50 66 64 107 98 48 66 106 126 142 143 140 137 129 119 120 84 54 35 62 56 55 46 50 51 51 51 50 49 48 47 49 49 48 47 47 48 49 49 38 47 60 111 151 134 147 174 177 169 162 158 155 145 130 119 122 119 115 99 76 65 52 31 36 35 32 57 59 37 104 164 163 170 170 156 136 131 145 161 151 149 156 146 104 63 41 30 40 37 33 46 21 58 144 166 154 141 121 95 78 75 61 37
63 72 67 59 61 58 53 56 64 65 69 72 65 56 59 70 72 69 62 57 53 53 55 57 55 59 59 62 118 78 64 99 133 146 153 149 144 141 134 125 138 106 72 42 52 54 56 43 50 51 52 53 52 49 46 45 47 47 46 45 45 46 47 47 57 25 37 61 161 147 180 170 168 160 157 162 165 162 157 156 147 128 113 101 84 73 61 42 35 29 41 63 54 85 146 188 175 173 167 156 146 145 154 163 165 148 147 155 139 103 58 21 28 35 30 31 22 60 154 138 141 132 120 101 76 52 38 33
60 64 58 55 62 62 56 59 60 56 60 68 63 51 54 68 68 62 55 52 53 56 58 59 62 63 50 59 120 58 76 124 138 145 150 147 146 147 145 139 133 125 107 69 46 45 53 46 49 50 52 53 51 48 44 41 47 46 46 45 45 46 46 47 55 34 50 65 147 141 190 186 170 169 166 163 164 166 163 157 151 122 101 91 79 69 57 41 32 28 33 60 79 137 147 159 173 173 171 166 161 156 154 154 157 143 139 142 136 116 72 22 25 28 20 22 38 73 164 129 122 99 75 67 59 38 24 29
60 60 53 54 65 65 60 63 59 54 58 66 63 51 54 67 65 58 52 50 53 56 57 56 53 55 45 67 123 55 82 126 139 143 146 150 155 160 160 157 133 137 127 90 44 42 53 50 47 49 51 51 50 46 43 40 48 48 47 47 47 47 48 48 40 53 42 124 129 167 148 146 157 168 167 155 152 158 153 139 142 119 106 101 87 70 50 30 32 37 22 55 117 175 154 162 169 173 176 174 168 160 153 149 130 143 154 146 131 118 77 23 36 23 19 34 36 32 133 169 136 93 41 30 46 41 27 30
65 62 54 55 66 64 59 64 60 58 61 66 64 57 59 67 65 60 54 52 53 54 53 52 57 49 40 64 107 64 96 135 148 149 154 161 169 173 172 168 149 142 125 96 44 49 58 51 48 49 50 50 49 47 44 42 50 49 48 48 48 48 49 50 46 50 43 143 152 184 142 117 118 136 150 151 156 164 161 150 139 121 107 92 71 58 48 33 26 41 31 78 155 180 160 171 166 168 170 169 164 157 151 148 144 142 137 129 130 130 87 23 24 26 28 31 21 11 84 159 156 134 79 37 32 27 31 56
66 63 55 57 66 62 57 65 59 62 64 64 62 61 62 64 62 60 57 55 55 55 54 53 62 43 39 65 91 85 115 146 157 157 161 171 179 179 173 168 157 143 125 106 47 52 57 51 50 50 50 50 50 49 48 47 50 49 48 48 48 48 49 50 44 56 95 163 173 163 166 155 116 126 145 162 162 148 138 136 118 109 94 66 39 37 43 37 28 31 38 109 177 166 170 167 165 165 167 170 170 166 157 150 159 135 118 117 124 126 96 51 20 32 31 23 20 25 54 148 156 166 123 64 46 49 72 111
64 61 54 57 66 62 58 68 57 63 65 61 59 62 62 60 57 58 58 58 58 58 59 59 50 34 48 83 99 109 122 137 159 159 163 174 181 179 170 162 150 142 134 120 50 47 52 51 52 52 51 51 51 51 51 51 49 48 48 47 47 48 48 49 44 51 70 170 165 174 146 130 138 129 139 153 131 81 52 55 79 86 85 60 30 28 34 26 45 17 28 116 177 156 192 177 169 170 175 184 190 184 169 156 136 129 136 140 122 103 97 94 48 33 26 35 28 20 43 201 148 160 117 72 88 118 138 161
64 62 60 60 62 64 64 63 56 63 66 64 61 63 64 62 60 59 57 56 57 59 60 54 52 65 72 89 79 101 120 155 152 155 160 157 165 165 149 153 135 143 131 94 60 49 51 53 48 51 54 55 53 50 49 50 52 45 36 30 28 28 26 24 35 27 54 110 164 197 173 113 91 98 143 134 57 77 93 105 94 80 55 61 36 47 45 46 34 26 36 107 164 179 185 183 168 173 178 179 175 167 156 145 136 132 128 125 122 122 113 101 43 45 11 37 36 15 80 231 215 164 136 144 192 171 169 183
62 61 60 59 60 61 62 62 53 59 63 61 58 59 58 56 48 61 51 41 63 64 44 50 63 112 130 93 87 114 161 156 159 153 158 173 184 171 151 154 139 143 131 97 62 46 46 50 46 48 51 53 53 51 49 48 37 33 28 26 27 27 26 24 14 28 25 20 68 153 181 147 150 164 175 141 99 104 104 128 86 69 69 70 60 88 66 65 45 27 27 88 156 154 159 163 164 150 150 159 160 151 140 129 120 112 110 134 119 146 144 133 51 38 23 31 26 28 70 211 200 130 143 178 190 174 196 191
63 64 65 64 63 61 61 62 55 61 65 63 61 60 58 53 55 73 51 52 62 55 59 49 69 135 140 115 100 143 186 159 166 160 152 157 168 169 154 138 151 146 128 95 62 45 48 56 48 49 50 52 52 49 44 39 24 22 21 22 24 25 24 22 21 30 23 8 15 56 128 192 149 175 170 133 145 126 89 93 93 91 72 56 37 61 75 73 30 29 34 75 165 159 161 154 162 159 158 151 146 155 148 122 116 102 95 137 118 144 116 89 49 26 33 29 18 33 37 141 163 86 93 152 193 198 200 171
54 58 63 64 62 59 57 57 56 62 66 64 62 61 56 50 56 59 35 52 47 37 66 43 120 151 119 165 125 165 164 146 162 158 156 166 158 148 160 165 166 149 122 90 63 49 52 59 55 54 52 52 49 43 34 28 22 22 22 22 23 24 25 25 31 26 32 48 32 0 49 154 181 185 158 116 156 152 131 120 136 132 67 55 47 57 96 64 21 40 42 50 150 155 164 148 157 157 161 159 152 152 148 136 113 101 83 111 125 123 74 49 38 21 26 30 21 31 13 64 125 124 80 43 95 169 200 194
30 36 45 52 55 55 54 52 54 59 61 60 59 58 52 45 61 42 38 46 92 94 51 86 193 177 137 198 149 159 141 135 78 45 35 81 97 92 122 135 131 118 97 76 62 56 54 53 57 56 54 51 45 37 29 24 25 26 26 27 29 31 34 36 25 27 26 37 42 20 20 56 174 171 155 117 133 143 157 134 149 100 50 52 89 110 92 33 25 37 33 40 141 150 173 174 170 158 155 170 176 154 140 153 113 119 99 86 127 84 44 51 61 47 16 29 27 27 20 41 180 86 25 71 121 118 140 213
15 19 27 39 50 57 60 59 57 60 61 60 60 60 55 47 64 40 53 55 171 169 41 157 193 159 164 176 150 147 155 150 104 105 71 42 14 32 81 62 45 53 56 54 55 60 58 51 54 55 54 49 42 34 29 27 26 29 33 36 39 42 46 48 41 42 33 28 31 28 20 20 147 161 164 140 121 134 164 134 124 43 54 46 90 117 53 28 30 26 25 58 135 120 123 124 115 146 122 89 105 110 86 77 72 102 110 86 126 61 41 75 117 93 26 28 27 22 29 63 150 55 38 120 158 174 159 134
19 17 18 28 44 58 64 65 61 63 63 61 62 64 59 52 47 44 39 92 187 133 64 181 153 121 165 155 142 158 168 165 163 141 68 44 81 152 152 28 8 36 54 50 50 60 62 54 55 58 57 49 38 29 28 30 27 33 42 48 49 49 49 50 63 55 51 41 23 19 26 28 103 119 96 81 70 107 140 117 106 49 72 74 89 72 42 46 34 34 28 58 105 91 62 24 33 118 90 11 23 48 37 43 60 76 97 94 111 70 76 108 127 97 39 28 30 24 22 96 101 53 71 148 149 158 163 166
27 18 12 18 34 51 59 61 59 60 59 57 59 61 58 51 47 67 29 154 171 55 124 183 150 117 163 172 141 180 156 157 153 164 153 168 164 164 160 72 42 75 90 69 52 58 61 53 59 62 61 50 34 24 24 29 29 38 49 56 55 51 47 44 56 54 52 34 20 35 39 11 64 90 57 69 92 137 135 98 83 66 52 100 107 30 51 28 24 41 30 47 95 135 116 49 60 147 131 74 78 70 89 175 155 119 105 100 80 68 86 103 85 59 36 28 36 35 15 120 62 87 93 132 154 171 151 160
13 29 26 15 27 48 58 63 47 57 60 55 57 63 60 50 47 55 63 171 176 43 162 186 103 153 161 139 169 162 156 123 145 157 165 157 154 164 146 105 135 118 80 52 52 57 55 57 56 55 54 58 26 36 25 31 31 32 35 47 53 45 55 85 73 59 47 24 43 32 32 24 26 138 136 103 79 78 112 90 75 54 56 26 34 38 49 34 44 28 32 54 63 162 144 137 145 131 144 145 141 132 137 166 146 176 174 81 63 80 87 98 82 67 32 26 23 15 69 146 36 87 56 105 137 96 133 156
18 25 17 13 30 47 53 56 56 62 61 54 54 60 58 49 55 33 114 181 136 92 181 174 117 186 171 137 165 157 135 118 127 158 163 131 131 170 164 111 134 109 68 46 54 58 55 57 58 58 59 59 22 26 18 21 43 57 62 52 31 23 61 120 101 98 94 66 41 17 22 26 25 98 69 65 96 129 131 82 43 31 42 31 42 38 44 33 24 18 33 58 55 125 136 130 141 167 106 99 137 178 123 157 138 138 148 91 82 55 111 94 68 74 36 42 31 16 86 132 41 60 49 95 116 60 60 101
20 18 11 17 40 52 52 56 60 63 59 52 53 58 58 51 68 39 179 195 103 148 194 152 164 206 158 143 174 164 135 151 168 148 121 109 131 165 148 94 126 93 52 42 56 59 53 57 58 56 56 54 19 27 44 51 36 37 32 31 41 63 113 168 170 166 162 134 62 27 25 31 23 105 95 105 126 146 112 63 42 36 37 28 33 28 40 40 31 21 34 52 41 79 143 146 139 157 120 123 136 170 124 148 144 122 158 101 142 84 104 100 79 91 29 21 22 44 122 108 67 59 52 67 75 30 10 56
18 16 15 31 55 59 56 64 57 57 55 51 54 59 58 53 34 58 175 173 90 157 173 125 184 171 124 161 182 159 133 161 143 139 163 173 119 63 74 118 107 77 45 44 60 57 51 58 60 53 51 50 27 51 108 126 82 68 54 69 112 151 182 209 203 185 175 161 73 37 22 21 20 116 140 144 121 112 67 47 41 56 46 28 24 22 36 36 38 25 33 53 43 51 144 147 129 145 147 125 141 142 127 148 147 132 184 90 186 151 55 80 105 75 20 29 51 84 130 100 85 89 72 63 60 31 14 32
16 21 28 47 64 60 55 66 54 54 52 52 56 59 56 50 53 152 189 200 174 203 210 183 187 156 143 198 177 147 135 141 125 83 81 108 97 64 66 92 84 66 47 50 62 55 49 58 60 51 50 52 37 68 155 174 171 171 163 168 186 197 202 213 194 174 168 162 78 36 21 23 27 68 89 88 71 71 39 36 33 73 55 36 27 27 31 20 26 19 30 60 60 41 123 117 114 146 104 72 146 153 115 160 147 143 179 85 169 184 47 31 85 34 45 91 107 103 103 114 90 110 90 94 83 38 25 15
21 32 42 55 64 56 50 60 58 55 52 54 58 58 53 47 83 200 178 194 208 198 197 196 200 184 188 195 133 115 138 126 123 134 142 125 96 78 58 29 67 62 52 55 63 56 50 58 54 44 47 51 35 57 152 161 183 194 195 195 201 195 183 180 184 172 175 164 83 23 13 32 60 28 46 41 37 44 34 37 80 110 58 33 24 28 31 19 28 25 26 48 55 34 102 110 113 93 46 98 146 163 114 177 167 160 171 121 140 189 117 20 37 39 92 109 106 109 101 127 114 119 98 115 95 31 23 21
30 43 49 54 61 56 52 58 62 55 51 53 58 60 57 53 143 202 188 186 197 189 177 187 197 195 193 161 107 91 130 123 118 134 127 83 56 78 97 86 60 62 56 54 62 61 54 57 53 41 46 50 33 46 144 141 150 162 164 168 184 187 174 166 176 168 175 156 96 20 13 42 120 38 71 57 50 50 69 86 145 140 45 24 24 28 32 31 33 38 27 32 35 26 83 121 113 60 43 119 140 166 139 169 179 163 185 152 140 191 160 61 56 79 99 94 102 119 120 129 139 130 126 123 93 44 22 30
37 48 50 51 60 62 58 62 62 54 48 51 59 64 64 63 198 190 214 194 187 206 187 198 194 196 194 171 152 116 139 139 142 145 162 170 152 124 90 59 60 64 56 51 61 65 58 56 63 48 52 56 40 51 155 148 160 177 180 176 182 186 183 185 183 171 178 163 134 57 50 79 172 55 91 73 72 78 126 154 161 134 25 25 38 35 31 33 17 38 33 32 29 21 62 115 102 101 65 46 131 190 162 142 164 143 197 144 145 189 135 96 126 98 66 107 148 129 122 132 137 138 168 138 103 78 25 21
93 96 106 52 63 48 70 49 53 49 61 49 68 66 54 140 205 202 200 202 206 206 200 193 193 200 177 191 210 199 203 157 118 124 137 126 124 101 59 64 68 60 59 64 63 56 55 61 49 58 68 45 33 82 133 167 175 169 184 176 184 183 198 186 190 175 173 171 148 157 20 91 127 200 192 186 168 156 193 174 199 74 26 37 27 24 32 38 33 33 37 41 39 38 49 63 151 178 114 100 124 164 171 158 193 181 181 164 153 185 163 72 110 117 110 90 75 76 82 82 106 116 139 113 56 53 55 14
111 108 104 58 57 48 69 62 61 55 33 65 61 58 49 179 202 198 197 200 201 198 195 194 192 204 168 217 191 153 134 67 49 55 55 30 43 108 55 32 57 55 58 63 64 60 56 56 64 43 45 50 60 73 93 79 111 123 153 161 177 157 148 133 104 110 65 93 139 154 59 165 170 102 225 200 209 229 195 204 186 48 21 34 39 48 30 43 45 41 41 46 46 43 43 47 89 173 184 154 131 182 183 188 186 182 193 187 178 199 175 94 128 103 69 44 36 44 57 66 73 83 116 128 106 97 88 58
127 106 78 52 48 52 59 59 45 66 38 52 42 52 79 193 202 199 200 203 201 195 198 205 193 168 188 196 185 157 226 223 73 34 16 42 77 135 42 33 38 45 52 58 63 65 60 53 60 54 49 39 65 84 110 34 16 43 68 92 141 100 51 37 23 56 42 119 175 159 86 159 133 93 204 211 214 208 199 214 141 25 31 42 47 61 32 56 55 47 44 49 54 50 40 33 41 140 192 155 104 178 174 187 184 182 200 202 191 202 184 123 60 46 35 36 40 43 48 54 68 66 85 116 128 117 103 96
128 92 46 47 48 63 50 47 38 50 53 35 33 32 115 187 202 200 202 204 199 192 196 207 208 199 213 202 133 197 219 236 68 37 24 97 152 128 14 37 23 34 42 47 57 66 63 53 53 61 58 35 55 77 155 98 114 144 85 70 175 129 54 91 161 148 143 178 161 149 128 159 110 197 189 220 209 189 213 216 76 25 51 59 48 54 44 64 54 48 44 49 55 53 43 33 43 128 176 169 114 173 174 185 192 187 200 202 190 195 189 155 46 45 42 36 32 36 47 57 51 58 73 110 143 131 108 109
110 81 43 58 54 67 50 52 56 25 40 42 33 25 127 191 192 194 198 199 196 194 198 205 209 194 205 164 196 225 235 151 15 42 33 85 172 122 20 34 24 32 36 38 48 59 59 49 59 45 47 51 58 41 148 170 130 88 125 171 194 191 186 134 120 119 164 183 161 152 108 87 152 234 208 208 208 224 209 183 30 41 59 68 51 47 60 53 51 48 46 47 50 50 44 38 51 122 161 204 163 171 180 187 196 191 199 200 190 193 195 179 37 40 36 28 32 48 59 59 67 88 97 113 134 116 83 79
83 74 57 69 52 56 48 62 57 37 31 38 38 86 142 182 176 184 190 192 198 207 208 203 202 183 103 192 236 232 205 148 74 59 35 79 193 160 46 32 38 37 34 35 42 50 49 44 56 50 54 57 58 33 112 156 173 163 154 150 187 177 177 185 167 172 176 146 152 135 68 24 160 208 214 208 210 212 205 111 25 53 52 63 56 50 67 39 50 51 49 46 46 47 44 39 84 115 123 179 188 180 188 184 187 186 192 195 191 193 193 184 64 55 50 64 99 129 136 128 125 126 96 67 66 66 67 82
75 71 62 65 51 50 48 59 43 57 42 24 96 170 156 166 170 180 178 167 170 178 166 141 86 63 39 121 240 202 185 193 147 55 66 130 204 195 49 32 49 40 34 38 44 46 45 44 47 62 64 52 52 45 79 121 156 161 161 156 191 179 171 171 181 183 164 139 150 132 106 30 127 221 214 223 219 200 190 57 43 51 49 55 55 53 56 44 49 50 48 46 48 51 46 38 137 137 124 132 180 195 200 198 189 189 189 188 188 192 190 181 92 57 39 66 108 134 148 157 150 135 95 56 44 52 76 104
87 73 59 57 58 57 53 51 44 49 46 24 183 208 151 167 175 181 164 133 120 116 84 42 46 53 47 38 157 243 182 228 129 41 133 196 191 212 56 51 51 38 32 41 48 47 46 49 49 49 49 54 55 37 49 126 164 159 156 153 190 184 168 147 181 165 155 156 133 115 158 43 98 237 209 205 211 232 136 23 57 45 56 53 49 48 42 60 46 47 46 46 53 58 51 38 144 155 162 111 153 181 187 204 205 202 193 184 187 194 192 185 75 50 64 122 160 154 151 167 167 161 149 130 98 65 49 51
31 50 31 54 53 57 51 50 59 33 28 24 202 204 207 187 195 181 164 132 77 29 28 54 42 61 44 46 68 224 216 230 83 76 38 199 216 215 61 52 50 45 40 41 46 49 49 46 49 43 47 53 42 31 51 84 157 155 145 168 188 179 170 168 163 169 162 140 123 116 187 78 72 215 224 211 235 149 47 30 57 46 52 62 55 50 56 59 57 54 51 52 54 52 45 39 152 161 165 152 50 109 170 188 201 201 197 193 194 196 190 180 61 40 69 152 142 146 155 145 161 158 158 163 161 139 100 70
38 18 24 34 51 51 46 54 39 34 34 52 183 207 214 215 209 203 185 143 78 28 26 50 48 42 41 46 48 119 238 167 60 66 42 174 233 195 44 40 59 54 48 48 50 52 51 48 50 44 45 50 43 34 43 61 115 173 152 150 111 83 140 180 178 159 159 150 115 111 191 129 53 179 231 221 170 72 24 31 55 44 49 58 50 45 50 53 52 50 48 51 54 55 51 47 170 167 182 116 23 33 114 146 161 171 177 181 190 198 189 173 43 36 65 108 125 113 68 81 134 114 126 167 174 140 122 132
80 13 25 26 55 47 40 53 46 44 18 15 38 41 23 26 25 22 21 21 21 26 40 54 51 40 52 46 36 45 191 105 59 59 28 110 240 170 37 43 60 56 53 54 57 59 59 57 47 43 42 44 42 36 33 34 116 133 127 147 97 118 178 167 152 141 148 132 102 139 210 179 8 54 104 119 67 21 33 42 54 45 51 59 53 50 56 58 52 50 48 50 54 56 54 52 180 177 199 84 39 27 102 94 106 144 179 190 190 185 165 142 153 70 36 41 44 138 90 50 63 99 148 171 152 121 116 131
126 43 19 35 60 47 45 48 37 37 23 24 18 25 18 24 27 20 12 10 21 35 41 39 43 53 62 41 40 51 78 73 68 59 23 57 242 153 41 49 59 56 54 53 55 55 54 53 38 39 38 36 36 35 29 21 39 112 110 102 101 114 93 124 111 128 125 96 113 194 228 205 37 11 18 35 21 24 43 33 47 40 48 57 52 53 61 62 57 55 52 52 53 54 53 51 187 185 177 44 53 70 126 54 91 145 193 197 183 174 163 150 235 123 29 44 30 182 164 129 69 128 175 164 124 94 80 72
149 89 9 44 58 48 56 43 46 37 33 24 25 22 26 22 16 27 31 22 17 27 44 55 38 58 53 34 49 65 21 56 57 60 41 45 215 120 35 43 54 51 47 44 41 38 35 33 28 32 33 29 29 31 29 23 40 104 107 120 117 129 127 106 131 129 108 104 169 227 219 225 48 38 36 32 32 36 34 29 36 31 38 45 41 44 51 51 57 55 53 52 53 53 53 52 195 190 130 20 23 57 121 40 19 57 88 93 98 119 138 145 117 94 32 72 110 171 163 185 153 157 159 151 130 100 67 45
171 148 36 51 53 46 56 36 42 29 28 13 29 19 27 20 18 24 25 19 17 24 37 47 48 56 41 39 58 51 52 47 46 60 50 32 126 59 20 41 32 32 31 30 29 28 27 27 24 27 29 26 25 28 29 28 4 155 131 109 109 60 104 137 180 138 125 162 230 222 202 227 16 36 41 24 34 40 26 42 34 30 36 39 33 35 41 38 46 47 48 50 52 53 55 55 188 187 106 59 21 26 111 55 23 25 19 12 14 22 23 16 19 28 27 44 150 179 185 141 156 163 157 143 138 131 96 55
186 191 92 48 51 43 49 36 41 38 31 18 31 23 24 27 30 21 16 20 29 37 43 47 50 62 38 46 56 41 66 47 47 56 43 23 40 23 20 40 21 23 25 26 27 27 29 29 29 26 25 27 28 27 26 27 32 96 154 150 154 156 210 197 158 141 181 213 237 213 216 185 28 38 39 21 35 41 21 41 37 33 39 40 32 34 40 35 35 38 42 46 49 51 53 54 181 179 81 90 42 25 125 56 22 18 17 24 33 35 29 22 35 23 31 22 119 169 171 118 117 141 148 136 138 145 119 78
178 198 128 35 48 43 48 47 32 41 27 20 23 21 16 31 19 19 22 25 23 24 38 56 38 69 39 44 45 48 33 48 49 51 40 39 19 34 31 29 34 34 34 32 28 25 23 23 35 26 23 29 32 27 22 22 21 39 186 128 108 119 100 111 88 136 234 228 208 217 246 129 24 24 40 34 40 41 20 37 34 31 37 38 31 35 41 36 30 34 39 44 46 48 49 50 189 172 43 65 36 30 141 32 29 26 27 30 26 20 22 30 20 36 26 27 72 78 38 141 136 110 103 127 145 134 115 107
187 173 105 49 52 47 42 44 32 31 28 25 22 21 21 21 21 23 25 26 27 34 46 56 50 45 50 53 47 50 55 51 58 51 43 38 33 27 27 31 31 30 30 29 29 30 30 31 25 27 29 28 25 23 22 22 32 11 177 188 178 125 29 23 27 103 219 236 212 233 225 84 34 35 38 40 36 32 36 44 31 32 33 35 35 36 35 35 39 34 30 34 43 49 48 45 192 145 15 32 44 43 144 29 27 26 25 26 28 29 29 27 21 34 34 26 28 48 99 155 132 119 102 135 145 126 119 87
191 180 130 47 42 49 45 35 31 29 26 24 23 23 25 26 23 23 23 21 22 30 43 54 55 46 46 49 47 51 55 48 43 38 35 36 34 30 30 33 30 30 30 30 30 30 30 30 27 28 27 26 24 23 25 27 27 22 154 198 187 152 65 29 90 84 151 230 223 234 245 49 43 40 39 41 41 37 37 40 33 33 33 33 33 34 34 34 35 32 30 33 41 47 49 49 183 111 29 34 62 51 152 29 25 23 23 24 26 27 26 25 32 28 21 27 39 39 44 62 95 117 123 130 136 134 128 107
204 192 128 45 43 49 41 32 31 28 24 20 19 20 22 24 24 23 21 18 19 27 39 49 57 45 43 45 44 49 50 40 30 27 28 32 33 30 29 32 28 29 30 31 31 30 29 28 29 29 27 24 22 24 27 31 32 34 133 208 225 98 37 34 75 135 116 174 229 222 233 67 45 38 35 39 43 42 39 38 37 36 34 33 33 33 34 35 35 34 32 32 35 40 45 48 178 66 35 28 76 66 158 31 25 23 22 23 25 26 25 24 28 27 24 28 31 27 46 82 110 147 166 144 129 111 87 93
189 203 86 43 53 49 31 39 37 33 27 21 18 18 20 21 24 23 21 19 20 26 36 43 53 45 45 47 41 41 40 31 28 26 26 29 29 26 26 29 27 28 30 32 32 30 28 27 29 29 28 25 23 23 25 28 25 26 100 236 213 83 82 105 183 212 225 184 188 247 238 67 35 30 30 36 41 41 39 39 41 40 37 35 34 34 36 37 38 37 35 31 28 30 36 41 163 33 32 20 60 67 135 27 27 26 25 26 27 28 27 26 23 28 30 29 22 24 68 130 163 162 153 109 86 66 57 116
124 203 49 44 54 48 28 42 40 36 30 24 21 22 24 25 23 23 24 24 25 28 33 37 48 46 52 52 39 34 34 27 31 27 25 27 27 25 27 31 28 29 31 33 33 31 29 28 27 29 29 28 25 22 22 23 23 21 50 214 154 121 144 129 111 231 239 215 165 141 205 87 31 29 32 37 38 36 37 40 41 39 36 34 33 33 34 35 36 36 34 29 24 24 30 36 123 28 45 32 30 47 83 19 29 27 26 27 28 29 27 26 29 26 23 29 32 26 39 71 100 95 86 57 61 71 81 148
79 181 42 45 44 46 32 35 30 28 24 21 20 21 24 26 23 23 24 26 28 30 32 33 42 44 53 52 37 30 32 27 30 26 25 27 29 28 31 36 30 31 32 33 33 32 31 30 27 29 30 30 27 24 23 23 28 28 23 113 198 128 117 110 156 156 244 216 240 192 33 33 37 36 38 41 40 36 35 38 37 36 34 32 31 31 32 32 32 33 31 28 25 26 32 37 76 44 72 55 22 33 41 23 29 27 26 26 27 28 26 25 26 25 22 29 37 27 17 23 17 32 32 22 51 96 125 160
130 139 43 47 43 40 33 27 25 23 21 19 19 20 23 24 24 23 23 24 27 30 32 33 36 33 40 40 29 27 31 26 27 25 26 31 32 31 32 36 33 33 33 33 33 33 33 33 28 29 30 29 28 28 29 31 26 31 25 41 212 127 114 148 126 100 207 249 224 130 30 20 42 38 37 42 44 41 36 35 36 36 35 35 34 34 33 33 34 34 32 30 29 30 33 35 41 49 68 45 35 40 29 30 31 29 27 28 29 29 27 26 19 29 29 27 31 28 25 32 31 43 34 35 59 101 152 170
219 104 37 47 51 35 30 25 32 31 28 26 25 25 25 26 25 23 20 21 24 29 33 35 30 23 25 26 21 24 29 24 27 26 29 34 35 31 29 30 35 35 34 33 33 34 35 35 29 30 29 28 28 31 35 39 34 36 27 32 68 116 140 162 98 190 165 202 175 18 37 39 43 34 31 39 47 46 39 34 38 39 39 39 39 38 37 36 40 38 35 33 32 32 31 31 23 36 37 10 44 52 30 28 34 32 31 31 32 32 30 29 24 33 28 23 32 34 26 22 35 55 76 123 131 121 145 143
201 64 56 57 33 27 41 29 31 28 25 23 23 24 23 22 27 26 25 24 23 23 23 23 24 25 27 28 28 27 24 23 30 30 31 33 33 33 33 33 32 33 34 35 36 37 37 37 30 34 34 30 30 34 37 37 37 26 34 37 26 45 87 108 85 158 144 156 114 44 25 38 26 31 29 33 45 44 37 39 41 41 40 39 37 36 35 35 38 34 31 31 33 34 32 29 34 45 55 38 55 46 42 25 28 29 29 30 30 29 29 28 29 29 28 28 28 29 30 30 35 132 128 146 175 158 120 165
192 42 54 54 39 40 33 39 39 34 28 24 23 24 24 24 26 25 24 23 23 23 24 24 25 26 28 30 30 29 27 26 29 30 31 32 33 33 33 33 32 33 34 35 36 36 37 37 34 37 37 33 31 35 37 37 42 30 30 35 32 40 65 85 113 75 140 178 43 13 52 18 37 41 37 38 47 45 38 39 42 41 40 39 37 36 36 35 37 35 33 32 33 33 32 31 23 28 74 211 28 51 20 29 27 29 32 34 34 32 29 27 27 27 28 28 29 29 29 30 35 168 160 153 162 166 142 164
177 28 50 46 40 47 28 50 45 39 31 25 23 23 25 25 24 24 24 23 24 25 25 26 26 27 29 31 31 31 30 29 28 29 31 32 33 33 33 33 33 33 34 35 35 36 37 37 37 40 40 34 32 34 36 35 41 37 32 35 35 31 49 83 134 109 65 46 39 38 14 53 44 47 40 39 47 46 39 41 43 42 40 39 37 37 36 36 36 36 36 34 32 31 32 34 26 34 25 40 54 39 21 43 26 29 33 36 36 33 29 26 24 25 27 29 30 30 30 29 54 178 154 156 159 168 158 167
145 35 48 37 36 41 34 50 42 37 30 25 23 23 23 23 23 23 23 23 24 26 27 28 25 26 28 30 31 31 31 31 28 28 30 31 33 33 33 33 34 34 34 34 35 36 36 37 37 40 39 33 29 31 33 31 29 35 31 30 29 19 39 90 118 141 68 20 35 45 16 53 42 44 37 35 44 44 39 43 43 42 40 38 37 36 36 37 35 37 38 35 32 30 32 35 38 39 32 1 13 28 38 19 27 29 31 33 33 31 29 27 23 25 28 31 33 33 32 31 55 156 136 159 159 153 157 173
93 47 47 37 38 32 45 37 33 30 27 25 25 24 22 20 23 23 23 24 25 27 28 29 24 25 26 27 28 29 29 29 27 28 29 31 32 33 33 33 35 35 34 34 34 35 36 37 35 37 36 30 27 29 30 29 23 27 22 24 30 18 25 62 129 134 60 39 30 42 50 35 41 42 35 33 42 42 38 42 43 41 39 36 35 35 36 37 35 37 38 35 31 30 32 35 37 21 36 74 11 30 35 23 28 28 28 28 28 28 28 28 25 27 30 33 34 34 33 32 24 140 156 159 156 155 156 137
47 47 46 38 43 30 47 27 28 26 25 25 26 25 22 20 24 24 24 24 25 27 28 29 24 24 25 25 26 27 27 27 26 27 29 30 32 33 33 34 36 36 34 33 33 34 36 37 32 36 35 29 27 29 31 30 36 29 22 31 43 35 23 23 103 98 6 20 46 41 46 46 42 44 36 33 42 41 36 39 42 40 37 34 33 33 35 36 35 35 35 33 31 30 31 33 26 29 14 19 47 30 17 45 29 28 26 25 25 26 28 29 26 28 30 32 33 33 32 32 11 124 175 145 168 180 143 52
40 39 44 26 37 30 34 31 31 29 27 26 26 26 25 23 25 25 25 25 25 26 28 28 26 25 25 25 25 25 26 26 25 26 28 30 32 33 33 34 37 36 34 33 33 34 36 37 33 36 36 32 30 34 36 36 45 34 34 40 44 46 38 21 25 31 26 58 35 24 36 39 38 40 33 33 42 42 37 40 41 39 35 32 31 32 33 35 36 34 31 31 31 31 30 29 26 49 44 43 18 28 19 25 28 28 28 28 28 28 28 28 27 28 28 29 29 30 30 30 22 80 167 148 179 142 85 7
58 33 42 11 25 28 19 42 37 33 29 26 26 27 27 27 26 26 25 25 25 26 27 28 27 27 26 25 25 25 26 26 25 26 28 30 32 33 33 34 38 36 34 33 33 34 36 37 34 38 38 34 34 38 41 41 37 33 42 40 29 40 53 42 24 44 28 23 35 46 14 36 29 32 28 30 42 43 39 42 40 38 34 31 30 31 32 34 36 32 29 29 31 32 30 27 34 32 37 23 42 31 36 29 27 28 30 31 31 30 28 27 27 27 26 26 26 27 28 28 25 32 161 173 174 53 14 29
39 27 22 28 32 29 30 35 41 36 31 29 29 27 23 19 25 27 30 30 28 27 26 27 26 28 29 29 27 25 26 26 28 29 30 30 31 33 36 39 33 32 31 31 31 31 32 33 37 36 35 36 37 37 35 33 38 37 37 38 39 38 36 33 36 38 37 33 29 30 37 45 39 38 33 30 34 41 42 38 49 42 34 30 32 35 37 37 34 34 33 33 32 31 30 30 27 29 31 33 34 32 31 30 33 32 31 30 28 27 26 25 27 28 29 30 30 30 30 29 20 39 135 158 56 13 36 19
16 30 46 52 43 32 33 40 38 32 26 23 24 23 21 18 23 25 27 27 25 24 24 24 28 29 30 29 27 26 26 27 26 28 30 33 34 35 36 37 37 37 36 35 35 36 37 37 36 35 34 36 40 42 43 42 39 38 38 39 41 40 37 34 37 39 41 40 38 38 42 45 38 37 33 31 35 42 43 39 47 41 35 32 34 36 37 36 35 34 34 33 32 32 31 31 28 30 32 33 34 33 31 30 32 31 31 30 28 27 27 26 26 27 27 28 29 29 28 28 26 25 54 60 21 7 25 30
31 37 43 45 47 49 46 42 39 33 27 24 25 27 26 24 27 28 30 29 27 26 26 26 27 28 29 28 26 25 26 27 25 27 31 34 36 37 36 35 36 35 34 33 33 34 35 36 37 35 33 35 38 42 45 46 40 40 40 41 42 41 38 36 37 39 42 44 45 44 43 43 36 36 33 32 37 43 43 39 46 41 35 34 36 38 37 35 35 35 34 33 32 32 31 31 29 30 32 34 34 33 32 31 30 30 30 29 29 28 28 28 25 26 27 27 28 28 27 27 28 29 19 20 34 29 25 41
44 45 40 36 42 52 49 38 37 33 28 27 29 30 29 26 27 28 29 29 27 25 26 27 25 26 27 26 25 26 27 29 29 29 31 33 36 37 37 36 35 34 32 31 31 32 34 35 39 35 32 31 34 38 41 42 40 39 39 41 42 41 38 36 39 39 40 42 44 43 40 38 36 36 34 33 37 44 44 39 43 39 36 35 38 39 37 34 34 33 33 32 31 30 30 29 30 31 32 33 34 33 33 32 29 29 29 29 29 29 29 29 25 26 27 28 28 28 28 28 16 28 24 27 42 31 18 30
28 46 56 48 37 35 35 33 32 29 26 27 29 30 26 23 23 24 25 24 22 22 23 25 28 29 30 30 29 31 34 36 36 33 30 30 33 37 38 38 38 36 34 32 32 34 36 38 38 35 31 30 32 37 40 42 39 38 38 40 41 40 37 35 43 41 39 39 39 40 39 37 38 37 34 33 37 44 44 40 41 38 35 35 38 38 36 33 32 32 31 31 30 29 28 28 30 31 32 32 33 33 33 32 29 29 29 29 29 29 29 29 27 27 28 29 30 30 29 29 32 29 31 32 26 23 27 29
41 45 44 36 31 30 32 32 35 32 29 30 32 33 30 27 26 28 29 28 28 28 31 33 36 37 37 36 35 36 39 42 41 36 31 29 33 36 38 37 37 35 32 30 30 32 35 37 36 33 30 30 34 39 43 45 39 38 38 39 41 40 37 35 45 44 41 39 38 39 40 42 41 39 35 32 36 43 44 40 40 36 33 33 36 37 35 33 32 32 31 31 30 29 29 28 30 30 30 31 31 31 32 32 30 30 30 29 29 28 28 28 27 28 29 30 30 30 30 29 49 30 32 35 25 32 40 27
56 40 27 26 32 36 38 40 44 38 32 30 32 35 35 34 35 36 37 37 37 39 43 45 45 44 43 40 37 36 38 41 44 38 33 32 35 37 36 33 35 33 30 28 28 30 33 35 35 32 30 30 33 37 40 41 40 40 40 41 42 41 38 36 40 42 42 40 38 39 43 47 45 42 35 30 34 41 43 41 39 35 31 31 33 35 34 32 34 34 33 33 32 31 30 30 29 29 29 29 29 30 31 31 32 31 31 30 28 27 27 26 26 27 28 29 29 29 29 28 30 24 25 28 28 30 26 15
33 34 40 46 41 32 36 48 46 38 29 24 26 31 34 36 37 38 39 40 40 43 47 50 48 47 44 39 35 33 34 35 43 39 34 34 37 38 34 29 40 38 35 32 32 35 38 40 36 33 30 29 30 32 33 32 42 41 41 42 43 43 40 37 32 37 41 41 38 38 43 48 47 44 36 30 32 40 43 41 38 34 29 29 32 34 34 32 36 36 35 35 34 33 32 32 29 28 28 28 28 29 30 31 33 32 31 30 28 27 26 25 25 26 27 28 28 28 28 27 25 39 34 28 35 29 22 30
32 32 34 39 43 42 38 34 30 29 28 26 26 29 34 38 38 38 37 38 39 41 44 45 44 47 45 41 38 39 36 32 36 34 31 31 33 35 36 36 32 33 34 34 33 33 35 37 47 24 20 32 25 33 41 35 34 47 39 42 47 35 39 35 38 40 47 36 34 46 44 42 37 37 36 26 38 48 14 50 34 31 31 32 52 22 41 38 44 32 32 43 16 32 62 30 35 29 27 22 29 19 56 15 24 18 41 34 19 41 42 25 24 25 45 27 31 16 25 37 34 34 34 33 32 31 29 28
40 39 38 39 42 44 43 41 34 33 32 31 32 33 34 35 37 37 36 37 38 40 42 43 39 47 44 45 35 42 39 41 36 34 33 34 36 37 37 36 34 35 35 35 34 34 36 38 19 46 42 255 255 251 250 244 255 250 251 255 248 255 238 255 245 255 238 255 255 246 255 249 251 252 255 253 250 245 255 255 248 255 244 255 221 255 255 237 253 249 242 255 255 255 242 255 255 250 255 255 255 253 252 252 255 252 239 255 243 255 234 255 255 250 255 239 35 37 42 21 31 32 32 32 32 30 28 27
46 43 39 38 40 42 44 44 38 34 32 32 34 35 34 31 36 36 36 36 37 39 41 42 37 48 42 48 30 44 38 45 36 35 35 36 38 38 37 35 35 36 36 36 34 35 37 39 39 43 0 248 255 254 242 255 255 246 255 233 255 255 251 252 255 248 255 255 248 254 247 244 255 248 255 232 255 255 245 247 255 255 255 254 255 244 241 255 250 253 255 250 240 255 252 255 224 255 246 254 253 243 250 255 243 250 255 242 255 255 255 254 246 251 252 255 11 24 23 27 27 28 30 31 31 30 28 26
44 41 38 36 36 38 39 41 37 31 26 26 31 34 33 30 36 36 37 38 38 40 40 41 40 49 38 46 27 43 33 37 34 34 34 36 38 38 36 34 34 35 36 35 33 33 35 37 32 47 51 254 255 237 255 241 246 255 253 254 255 243 245 255 249 248 255 254 254 255 253 255 239 255 243 255 249 249 255 253 255 251 246 235 253 255 249 254 255 255 237 236 255 245 255 242 255 255 241 252 255 253 255 255 255 235 255 255 244 236 252 251 250 250 246 255 43 28 31 40 25 26 29 31 32 31 29 27
39 39 38 37 36 35 35 36 36 30 23 23 29 34 35 34 38 38 39 40 40 41 41 41 40 45 35 39 29 41 32 30 33 32 33 35 37 37 35 32 33 34 34 33 31 31 33 35 48 21 6 255 253 253 199 8 93 232 255 238 31 7 0 168 255 251 67 0 0 14 179 255 255 249 240 128 29 225 255 241 32 0 15 18 234 250 232 255 254 94 20 240 255 249 235 35 0 6 163 255 250 254 249 181 0 105 247 249 28 10 14 10 225 248 255 255 22 11 31 8 25 27 29 31 32 31 30 29
36 38 40 40 38 36 35 35 36 32 28 28 32 36 38 39 38 39 40 41 41 41 41 41 37 39 40 35 37 37 36 31 33 32 32 33 35 36 35 33 33 33 34 32 30 30 32 33 31 33 29 255 242 255 68 2 71 255 230 51 28 244 95 4 240 232 167 253 242 28 33 210 251 251 90 0 0 227 247 248 152 255 205 20 45 250 255 245 82 0 22 219 243 255 8 59 251 68 20 228 255 228 249 94 5 95 233 240 156 252 216 20 70 227 251 249 20 35 27 30 27 28 28 29 30 30 30 30
34 37 40 39 37 35 35 37 35 35 35 36 36 37 37 37 37 38 39 40 41 40 39 39 37 41 58 37 46 29 41 35 36 34 32 33 35 36 36 35 34 35 35 33 31 30 32 34 36 40 36 244 255 185 1 3 79 243 205 4 119 255 152 6 160 245 255 246 249 96 11 209 255 99 81 72 30 255 251 251 254 244 249 42 36 233 255 118 76 69 10 249 255 191 12 119 233 176 4 164 255 255 192 0 8 69 255 255 250 252 231 37 39 251 255 250 37 40 2 32 28 27 27 26 26 27 28 29
33 35 37 36 33 32 34 37 32 35 39 41 39 36 34 33 36 37 38 39 40 39 38 37 41 47 75 42 52 20 42 36 38 36 33 33 35 37 38 38 35 36 36 34 32 31 33 35 34 35 26 250 252 33 118 25 80 255 144 6 172 245 187 6 125 255 255 240 254 83 8 228 247 253 242 84 6 230 244 255 253 253 193 2 128 255 246 248 245 84 13 219 251 162 4 165 254 190 12 123 255 243 24 119 36 84 240 254 250 255 198 0 129 250 252 252 24 19 24 29 28 27 25 23 23 25 27 28
35 36 36 34 35 39 39 35 35 36 38 40 39 38 36 34 39 38 36 35 35 36 38 39 41 36 79 103 32 40 40 29 33 34 35 36 36 36 36 35 34 36 37 37 35 33 34 34 36 36 50 243 101 58 238 28 79 255 161 1 167 246 197 0 124 254 246 255 69 0 132 247 247 255 245 74 14 228 249 253 168 0 11 168 236 255 255 242 249 70 22 238 254 161 6 162 253 196 1 133 255 105 55 237 33 69 255 255 148 6 10 166 248 255 248 255 30 48 44 26 28 21 32 36 17 50 31 25
32 36 37 35 35 38 38 35 35 36 38 39 39 38 36 35 37 36 36 35 35 36 36 37 37 33 77 172 43 31 26 45 33 33 34 35 35 35 35 35 35 36 37 36 34 33 34 35 59 31 21 200 4 216 219 36 81 239 155 11 163 250 188 18 122 249 241 24 2 180 255 250 255 245 240 76 17 229 253 255 241 255 217 9 77 227 255 255 241 88 0 230 249 159 0 169 247 191 20 122 199 34 173 255 21 104 237 241 255 248 218 19 36 237 255 240 33 165 181 114 22 25 33 29 42 34 28 39
28 35 40 37 35 36 36 35 35 36 37 38 38 37 36 35 34 35 35 36 36 35 35 34 45 32 43 183 47 39 22 36 32 32 33 34 35 34 34 34 36 36 36 34 32 32 34 36 12 36 34 73 21 0 28 0 17 88 192 1 122 253 162 0 180 233 104 0 156 247 245 248 255 243 245 76 18 231 251 238 255 251 246 58 13 200 246 254 243 94 0 245 250 186 7 125 251 154 6 159 52 4 11 7 0 0 104 255 255 255 246 75 18 206 242 255 23 78 128 181 143 18 29 27 28 37 9 44
25 34 41 38 34 34 35 34 34 35 36 37 38 37 36 36 34 35 37 38 38 37 35 34 41 40 16 111 49 38 28 21 31 32 33 33 34 34 33 33 37 36 35 33 31 31 34 37 40 47 14 239 251 242 251 38 76 239 247 39 52 245 69 27 243 178 0 99 255 255 253 255 252 251 253 73 18 230 248 201 202 251 231 51 58 234 252 255 234 69 22 212 255 255 21 59 246 74 9 249 251 241 255 248 40 69 235 204 195 255 250 31 54 232 255 251 3 63 123 128 156 172 70 20 21 30 30 22
24 34 40 38 33 33 34 33 34 34 35 36 37 37 37 37 36 37 39 40 40 39 37 36 28 46 27 45 85 27 32 27 31 32 33 33 34 34 33 33 36 36 35 32 30 31 34 36 38 0 44 255 245 248 252 18 86 255 244 204 31 0 11 199 244 169 0 0 4 0 0 206 248 255 244 62 21 225 255 197 0 5 21 4 230 255 244 247 250 93 10 243 242 253 228 7 0 15 199 238 255 255 235 239 17 104 255 190 0 2 1 4 223 254 253 255 45 75 145 137 147 168 189 116 43 24 35 26
26 33 37 35 32 33 34 32 34 34 34 35 36 36 37 37 38 39 39 40 40 39 39 38 38 40 35 21 145 43 31 28 32 32 33 34 35 34 34 34 35 35 35 33 31 31 33 35 37 38 21 255 255 253 251 250 243 248 255 255 237 239 255 230 247 252 255 253 237 255 252 248 255 228 255 255 249 251 238 250 253 245 255 237 255 239 255 245 239 244 243 255 249 254 255 247 244 255 241 255 255 248 254 255 255 226 255 252 255 238 253 254 255 245 249 235 29 85 179 176 150 175 160 166 184 24 22 30
29 33 34 32 32 34 34 31 33 33 34 34 35 36 37 38 39 38 38 37 37 38 38 39 50 32 34 14 148 57 30 26 33 33 34 35 35 35 35 35 33 34 35 34 32 31 32 33 22 39 16 249 255 242 255 253 251 255 251 254 241 255 241 250 255 255 240 249 255 245 247 255 247 255 255 249 249 255 255 250 255 255 241 255 247 238 245 255 253 255 255 237 241 253 243 255 253 255 255 230 255 255 250 240 248 255 236 249 251 255 250 248 255 250 255 253 23 51 92 114 166 137 166 152 170 133 41 1
31 32 31 29 31 35 35 30 33 33 33 34 35 36 37 38 39 38 36 35 35 36 38 39 38 33 45 11 97 43 27 39 33 34 35 36 36 36 36 35 32 34 35 35 33 31 31 32 34 23 43 255 250 253 254 251 254 253 254 254 255 244 255 255 249 252 255 255 242 255 255 250 248 255 238 252 255 239 255 252 250 255 246 255 255 255 255 248 255 238 255 255 251 255 250 248 252 250 255 255 255 246 255 255 250 255 255 243 255 255 244 255 246 250 255 240 28 84 85 118 118 146 155 167 143 163 28 36
29 31 33 32 31 29 30 31 32 34 36 37 38 36 34 33 37 37 37 38 38 38 39 39 28 32 34 20 45 29 30 33 32 33 35 36 37 37 36 35 31 32 34 35 35 34 32 31 33 37 52 241 255 255 224 255 254 253 253 253 255 254 252 250 255 255 255 255 255 254 253 252 253 254 255 255 255 255 254 253 254 254 254 254 255 255 255 255 255 255 255 255 255 255 255 255 254 255 255 255 255 255 253 252 253 254 254 255 255 254 254 253 246 255 248 249 31 37 42 81 128 141 148 155 165 161 142 128
33 35 36 36 34 33 34 35 33 34 35 36 37 37 36 35 37 37 37 37 38 38 38 38 42 33 30 32 14 38 26 38 33 33 34 35 35 34 33 32 33 33 34 34 34 34 33 33 21 38 11 49 34 53 41 33 37 36 36 38 41 42 41 39 33 34 35 35 36 35 35 34 30 31 32 33 33 32 31 30 28 28 29 29 29 30 30 30 31 31 30 30 29 29 29 29 31 31 32 33 32 31 30 29 24 25 25 26 26 25 25 24 18 33 33 36 10 23 47 86 144 143 164 175 161 160 170 165
31 32 34 33 32 31 32 34 34 34 34 35 36 37 38 39 38 38 38 38 37 37 37 37 38 24 37 46 19 43 28 29 31 31 33 33 34 34 33 33 35 35 34 34 34 34 35 35 45 52 38 28 26 26 39 30 33 33 33 34 36 37 36 34 36 37 38 39 40 40 40 40 34 35 35 36 36 35 35 34 35 35 36 36 37 37 37 37 37 37 36 36 36 35 35 35 33 34 34 34 34 33 32 31 28 29 29 30 30 29 29 28 37 19 33 14 17 40 121 156 163 187 172 159 184 189 161 148
29 31 32 31 30 30 31 33 34 33 33 33 34 37 40 41 40 40 39 39 38 37 37 37 27 24 34 29 41 24 36 23 30 30 32 33 34 35 36 36 37 36 34 33 33 34 36 37 28 22 31 41 49 29 38 46 42 41 39 40 40 39 37 34 29 30 31 32 32 32 32 32 30 30 30 31 31 30 30 30 33 33 33 34 34 35 35 35 34 34 33 33 33 32 32 32 28 28 28 28 28 27 26 26 26 26 27 28 28 27 26 26 18 48 98 120 84 94 131 153 118 85 96 129 151 175 159 99
32 33 34 33 32 32 35 37 34 33 31 31 33 36 39 41 41 41 40 39 38 37 36 36 30 52 21 16 41 8 39 32 35 34 34 34 34 35 35 35 37 36 34 33 33 34 36 37 35 42 41 33 27 39 33 28 33 32 31 31 32 31 29 26 36 36 37 37 36 35 34 34 36 35 35 35 35 35 35 36 35 35 35 36 36 36 37 37 36 36 35 35 35 34 34 34 33 33 32 32 31 31 31 31 30 31 31 32 32 31 31 30 31 94 105 139 152 148 104 126 175 178 162 157 147 89 60 97
29 30 30 29 29 30 33 35 33 32 31 30 31 34 37 38 40 40 39 37 36 34 33 33 32 75 43 64 45 25 32 34 41 40 38 35 33 32 31 31 35 35 34 34 34 34 35 35 32 38 35 32 22 51 36 38 37 36 37 39 42 43 42 41 36 36 36 36 35 33 32 31 32 31 30 30 30 30 31 32 31 32 32 32 33 33 33 33 33 33 33 32 32 31 31 31 30 29 28 27 27 27 27 28 28 28 29 30 30 29 28 28 32 62 93 128 159 136 79 41 54 105 166 147 69 65 139 191
25 26 26 25 24 26 29 32 32 31 30 30 31 32 34 35 37 36 35 34 32 30 29 28 30 56 99 116 53 41 31 27 39 38 36 34 32 32 32 32 33 33 34 34 34 34 33 33 34 24 34 42 34 41 23 41 27 27 28 30 34 36 35 34 36 36 37 37 37 36 36 35 31 31 30 29 29 30 31 31 33 33 33 33 34 34 35 35 35 35 35 34 34 34 33 33 30 29 28 27 26 27 27 28 28 28 29 30 30 29 28 28 35 18 46 63 68 87 106 76 79 69 34 33 96 136 106 62
28 28 28 27 26 28 32 35 31 31 30 30 30 31 31 32 35 34 32 31 29 27 25 25 35 19 138 118 43 30 37 28 32 32 31 31 32 34 36 37 31 32 34 35 35 34 32 31 34 28 46 30 28 36 28 39 36 35 35 37 40 40 39 38 36 37 38 39 40 40 40 39 34 33 32 31 31 32 33 34 31 31 31 32 32 33 33 33 34 34 34 33 33 33 32 32 33 32 30 29 29 29 30 31 24 25 25 26 26 25 25 24 22 38 26 31 29 43 34 42 32 22 41 69 58 27 21 36
26 26 27 28 28 29 30 30 26 28 30 30 29 28 29 30 38 30 25 36 36 89 31 34 26 41 55 55 44 35 32 32 30 31 31 32 32 33 33 34 36 37 37 37 36 33 30 28 27 30 34 35 35 34 34 35 39 25 38 43 23 30 45 33 46 33 25 30 36 35 35 39 31 33 35 37 37 35 32 30 32 33 35 37 37 36 34 32 31 33 36 36 35 33 33 34 30 30 29 28 27 26 26 25 27 26 26 26 26 27 28 29 26 26 26 27 27 27 27 27 25 25 25 25 25 26 28 28
27 27 28 29 29 30 31 31 33 34 35 33 30 28 27 28 22 39 21 30 135 142 31 32 33 39 39 35 34 37 36 33 31 31 32 32 32 32 33 33 34 35 36 36 35 33 30 28 30 32 33 33 32 33 35 37 41 27 30 36 29 33 36 21 63 52 45 45 41 32 29 33 35 35 34 33 32 31 31 30 36 37 39 40 40 38 36 35 33 33 34 34 34 34 32 31 30 30 30 29 28 28 27 27 27 27 27 27 27 28 29 29 27 27 27 27 26 26 26 26 27 27 26 26 26 27 28 28
27 28 28 29 30 31 31 31 35 36 36 34 31 29 29 29 21 39 29 13 133 104 20 37 39 39 32 28 38 52 49 35 33 33 32 32 32 32 31 31 32 33 34 34 34 33 31 30 32 33 32 31 30 32 35 39 36 32 30 31 33 36 36 33 44 29 22 28 35 35 36 40 35 34 31 29 30 32 35 37 42 42 43 44 43 42 40 39 37 34 32 32 34 35 32 29 30 30 30 30 30 30 30 29 28 28 28 27 28 29 30 30 29 29 28 27 27 26 26 25 28 27 26 26 25 26 26 26
26 26 27 28 29 29 30 30 31 32 32 31 30 29 31 32 38 20 36 15 51 28 22 37 36 40 38 37 50 65 55 33 34 33 33 32 32 31 31 30 30 31 32 33 33 32 32 31 32 33 33 32 31 32 34 37 27 38 38 34 35 34 38 52 88 61 39 38 43 39 32 28 33 32 32 33 36 40 44 46 45 45 46 46 45 44 42 41 42 37 32 32 35 37 33 29 30 30 31 31 31 31 31 32 29 29 28 28 29 29 30 31 32 31 31 30 29 28 27 26 27 27 26 24 24 24 24 24
24 24 25 25 26 27 28 28 28 29 29 28 27 27 30 32 44 9 29 38 25 26 39 35 41 47 48 46 53 59 47 27 34 33 33 32 32 31 31 30 31 31 32 32 32 33 32 32 30 32 35 35 34 33 33 33 29 38 39 36 36 31 28 35 44 31 24 29 34 33 34 39 35 36 39 42 45 48 49 50 45 45 45 45 45 44 43 43 48 42 35 34 36 38 35 31 31 31 31 31 31 32 32 32 29 29 28 28 29 29 30 31 34 33 33 32 31 30 29 29 29 28 27 26 26 26 26 26
23 23 23 24 25 26 26 27 30 30 30 28 26 26 28 31 35 30 29 47 32 36 36 50 59 60 58 54 52 49 40 29 33 33 32 32 32 32 31 31 32 32 32 32 33 33 33 33 29 32 35 36 35 33 32 32 36 32 31 34 36 35 29 22 48 47 49 49 38 27 30 42 41 44 47 50 51 50 48 46 44 44 44 44 44 44 44 44 51 46 39 35 36 36 35 34 31 31 31 31 31 31 31 31 28 28 28 27 28 29 30 30 34 33 33 32 32 31 30 30 31 31 30 29 29 29 30 30
23 23 24 25 25 26 27 27 32 32 32 30 29 30 34 36 34 47 39 44 29 28 35 57 65 60 58 59 56 45 35 32 31 31 32 32 32 32 33 33 34 34 34 33 33 33 33 34 32 33 35 34 33 32 32 34 35 24 30 34 31 50 76 80 46 34 26 30 35 37 44 53 44 46 49 51 51 49 46 44 43 43 43 43 44 45 46 47 51 47 41 36 33 33 34 35 32 32 31 31 30 29 29 29 27 27 27 27 27 28 29 29 31 31 31 31 30 30 30 30 29 29 29 28 29 29 30 31
24 24 25 26 26 27 28 28 30 31 32 32 33 36 41 45 46 38 43 52 39 40 56 44 54 46 49 60 59 42 30 28 30 31 31 32 32 33 33 34 36 35 34 34 33 33 33 34 34 34 34 32 30 31 33 36 27 20 36 37 24 64 135 167 128 82 39 31 46 53 47 40 42 44 46 48 49 48 47 47 43 43 43 44 45 46 48 49 50 48 42 36 31 30 33 36 33 32 31 30 29 28 28 27 27 26 26 26 26 27 28 29 28 28 29 29 29 29 29 29 25 25 25 25 25 26 28 28
40 30 25 29 30 25 25 31 18 41 36 23 34 41 39 47 53 50 47 44 45 49 53 56 52 52 51 49 44 38 32 29 32 31 31 31 31 32 33 34 36 35 33 32 32 33 35 36 37 37 37 36 36 35 35 34 39 35 31 30 31 30 26 23 25 32 41 47 49 48 46 45 46 47 48 48 47 46 44 42 47 47 47 47 46 45 44 44 41 51 48 38 36 34 32 38 29 29 29 30 31 30 27 24 30 30 30 30 31 31 31 32 33 33 32 31 30 30 29 29 26 26 25 24 24 24 25 25
97 69 38 26 28 31 29 26 31 30 26 29 38 37 34 41 56 53 48 44 42 43 45 47 51 49 45 42 38 34 32 31 32 32 32 32 32 33 34 35 36 35 33 32 32 33 35 36 36 36 36 36 35 35 34 34 36 34 32 32 33 33 31 30 38 41 45 46 45 44 44 44 44 44 45 47 47 48 48 47 48 47 45 44 43 44 46 47 50 46 39 33 33 34 31 26 30 29 28 29 31 32 32 31 39 39 38 36 35 34 33 32 33 33 33 32 31 30 30 29 28 27 26 25 25 25 25 26
144 117 76 44 31 32 31 27 38 27 27 32 31 34 39 37 42 41 39 39 41 44 48 51 47 44 38 34 31 31 32 33 34 33 33 33 33 34 35 36 36 35 33 32 32 33 35 36 36 36 36 35 35 35 35 34 33 34 35 35 35 36 38 40 48 49 48 46 44 43 45 47 46 45 45 46 46 48 49 49 48 47 44 42 42 45 48 50 50 41 40 40 32 32 34 28 31 29 27 28 32 36 38 39 43 42 41 40 38 36 35 34 34 34 33 33 32 31 30 30 30 29 28 27 27 27 27 27
150 148 125 82 44 30 31 32 33 33 46 43 26 32 45 35 30 30 32 35 39 45 50 53 41 39 34 31 29 30 32 34 35 34 34 34 34 35 36 37 35 34 34 33 33 34 34 35 37 37 37 37 36 36 36 36 34 37 39 39 37 38 43 47 48 49 48 47 46 47 50 53 51 50 48 46 45 46 47 47 47 47 46 45 46 47 49 51 40 38 52 56 37 28 34 36 31 29 29 31 36 40 42 42 39 39 38 38 37 37 37 37 35 35 35 34 33 32 32 31 32 31 30 29 28 28 28 29
148 160 153 113 66 39 33 33 30 34 64 77 49 30 35 36 36 36 35 35 35 36 37 38 36 35 34 33 32 32 33 33 35 35 34 34 35 36 37 37 34 34 34 34 34 34 34 34 38 38 38 38 38 38 38 38 38 40 41 40 38 40 44 49 45 47 49 50 50 50 52 54 52 51 49 47 46 47 47 48 46 47 49 50 51 51 50 49 42 41 52 60 47 29 24 28 30 31 33 37 41 43 42 41 37 37 37 37 37 36 36 36 37 36 36 35 34 33 33 33 34 33 32 30 29 29 29 29
158 163 157 130 93 61 39 28 34 28 60 102 90 46 28 37 38 38 37 36 34 33 32 31 33 34 34 35 35 34 33 33 35 35 34 34 34 35 36 37 34 34 34 34 34 34 34 34 37 37 37 38 38 38 38 39 40 41 40 39 39 41 45 48 46 49 51 52 51 50 49 50 48 48 48 48 49 50 51 52 45 47 50 53 53 51 48 47 52 48 43 52 59 38 21 31 34 34 36 39 42 43 40 38 40 40 39 38 37 36 35 35 38 38 37 36 35 35 34 34 35 34 33 31 30 29 29 29
160 161 161 150 120 81 48 32 38 28 38 81 112 92 55 40 33 34 35 36 36 35 35 34 33 33 34 34 34 34 34 33 34 34 33 33 34 35 36 36 33 34 34 35 35 34 34 33 35 35 35 36 36 36 37 37 41 39 36 37 40 44 47 48 47 49 50 50 49 48 48 49 47 48 49 50 51 51 51 51 46 47 49 50 49 48 46 45 45 54 43 48 68 50 44 84 41 39 38 39 40 40 38 36 38 38 37 37 37 36 36 36 39 38 38 37 36 35 35 35 35 34 33 31 30 29 29 29
149 157 170 169 139 90 54 41 36 36 20 39 108 138 94 43 36 36 37 37 36 34 32 31 34 34 33 32 32 33 34 34 34 33 33 33 33 34 35 36 33 34 34 35 35 34 34 33 32 33 33 34 34 35 35 35 40 36 33 35 41 46 48 48 46 47 47 47 46 47 50 53 50 51 52 52 51 50 48 46 48 47 47 46 45 45 45 45 28 58 53 53 74 59 74 149 46 43 39 37 37 37 37 36 31 31 32 34 35 37 38 39 39 39 38 38 37 36 35 35 35 34 33 31 29 29 28 28
153 156 165 164 147 124 85 42 41 33 29 23 61 123 115 70 38 37 35 33 33 34 35 36 34 34 34 34 34 34 34 34 30 31 33 34 34 33 31 30 30 30 30 31 31 31 32 32 37 36 34 32 32 34 36 37 35 36 36 37 38 41 46 50 50 50 50 50 49 48 47 46 46 49 47 51 56 47 40 49 55 46 48 53 45 42 42 38 35 73 62 41 50 55 48 180 51 45 38 37 39 41 40 38 35 37 38 36 33 33 36 40 38 37 35 34 33 34 35 36 35 34 33 32 30 29 28 27
161 160 166 167 157 140 103 60 30 41 40 31 42 83 106 88 37 36 35 35 34 34 34 35 34 34 34 34 34 34 34 34 31 32 34 35 35 34 32 31 31 31 31 31 32 32 33 33 36 35 34 33 33 34 35 36 36 36 36 37 40 43 45 46 45 46 47 48 49 49 49 49 45 50 47 45 49 44 41 50 42 45 43 49 38 39 33 35 48 82 52 45 44 37 62 169 45 42 38 37 38 39 38 37 37 37 37 35 34 34 36 38 37 36 35 34 33 34 35 35 34 34 33 32 30 29 28 28
160 153 153 156 155 147 115 72 27 47 39 37 31 51 100 98 35 36 36 36 35 35 34 33 34 34 34 34 34 34 34 34 33 34 35 36 36 35 34 33 32 32 32 33 33 33 34 34 34 34 34 34 34 34 34 34 36 35 36 40 46 49 49 47 45 46 47 48 49 49 49 49 44 52 48 42 47 48 46 52 41 56 43 44 28 36 26 39 60 83 41 47 42 42 101 167 38 39 39 38 36 35 36 37 38 37 35 35 36 37 37 36 37 36 35 34 34 34 34 35 34 33 33 32 30 29 29 28
153 139 133 137 142 143 116 75 35 46 23 38 39 43 92 84 34 35 36 37 37 35 33 32 34 34 34 34 34 34 34 34 33 33 34 35 35 34 33 33 33 33 33 34 34 35 35 35 35 35 36 36 36 36 35 35 35 34 35 42 51 55 53 49 51 51 51 51 50 49 48 47 46 55 51 45 53 55 49 48 42 58 38 38 23 39 35 58 75 77 43 41 43 75 140 156 33 38 42 41 36 34 35 38 39 36 34 35 38 39 37 35 36 36 35 35 34 34 34 34 33 33 32 31 31 30 29 29
147 130 120 121 129 134 113 76 41 42 16 40 45 38 73 56 34 35 36 37 37 35 33 32 34 34 34 34 34 34 34 34 32 32 33 33 33 33 32 32 33 33 34 34 35 35 35 35 36 36 37 38 38 37 36 36 36 34 35 41 49 52 48 43 52 52 53 52 52 50 49 48 51 57 52 49 57 55 43 39 36 41 29 34 26 41 47 67 84 65 51 30 45 114 157 123 33 39 44 43 38 35 36 40 39 37 35 36 39 40 38 35 36 36 36 36 35 35 34 34 33 33 32 31 31 30 29 29
136 120 109 107 111 119 105 75 42 40 27 43 40 29 48 36 35 36 36 36 35 35 34 33 34 34 34 34 34 34 34 34 32 32 32 32 32 32 32 32 33 33 33 34 34 35 35 35 37 37 37 37 37 37 37 37 37 36 36 38 41 41 37 33 46 47 48 50 50 51 50 50 52 54 49 48 52 44 37 44 56 33 32 37 35 37 56 64 82 55 52 33 66 144 168 94 36 41 45 44 39 36 37 40 38 37 37 38 39 39 37 36 35 36 36 36 36 35 34 33 32 32 32 31 31 30 30 30
123 110 101 96 96 104 97 74 48 38 36 41 35 34 39 33 37 36 35 35 34 34 34 35 34 34 34 34 34 34 34 34 33 33 33 32 32 33 33 33 32 33 33 33 34 34 34 34 36 35 34 33 33 34 35 36 35 35 36 37 38 37 35 34 41 41 43 44 45 45 45 44 45 45 42 43 42 34 46 76 98 37 41 42 50 48 93 94 101 79 65 69 109 155 178 74 40 42 44 42 39 36 37 38 36 38 40 40 39 37 37 37 35 35 36 37 36 35 34 33 32 32 31 31 31 31 30 30
118 108 101 94 92 100 97 78 58 35 35 34 38 49 43 36 38 37 35 33 33 34 35 36 34 34 34 34 34 34 34 34 35 34 34 33 33 34 34 35 32 32 32 33 33 33 34 34 35 34 32 30 30 32 34 35 31 34 37 38 39 39 41 43 39 40 40 40 39 38 36 36 36 37 37 39 35 30 60 110 126 37 42 43 66 72 148 152 139 124 88 112 147 151 177 55 42 43 42 40 38 36 36 36 34 38 41 41 38 36 37 39 34 35 36 37 36 35 33 32 32 32 31 31 31 31 30 30
117 103 99 104 111 119 111 88 69 44 34 39 38 39 41 37 32 32 33 34 34 34 33 33 37 35 33 32 34 35 34 33 30 32 34 36 37 36 34 33 31 32 34 36 36 35 34 34 37 36 36 35 35 34 34 33 34 35 35 36 36 37 37 38 34 42 48 45 36 30 32 37 40 39 35 36 46 56 52 40 35 48 55 57 75 104 120 119 124 132 131 122 135 159 173 43 39 41 41 39 36 34 36 39 39 40 40 41 41 40 40 39 38 38 37 36 36 35 34 34 38 37 35 33 32 32 33 33
125 114 111 115 119 126 120 101 76 50 37 39 37 38 41 37 34 34 35 35 35 34 34 33 35 33 33 33 35 36 35 33 33 34 35 36 37 36 35 35 33 33 34 34 35 34 34 34 36 36 36 35 35 35 35 35 35 35 36 36 36 36 37 37 34 40 45 43 36 32 33 36 39 34 35 42 43 39 37 40 54 60 61 63 81 103 106 93 109 126 132 134 151 159 150 29 39 41 41 39 36 36 38 41 39 40 40 41 41 40 40 39 39 39 38 38 37 36 35 35 35 34 32 30 30 30 30 30
133 125 125 127 127 133 131 115 87 58 41 40 37 38 41 37 36 37 37 37 36 35 34 33 32 32 33 35 37 37 35 33 37 37 36 36 35 36 36 36 34 34 33 33 33 33 33 34 35 35 35 36 36 36 36 36 37 37 36 36 36 36 35 35 35 37 40 39 37 35 34 35 39 33 38 46 38 25 33 54 74 71 65 70 94 119 119 103 118 133 128 131 153 150 128 35 40 40 39 37 36 37 41 44 39 40 40 41 41 40 40 39 40 40 39 38 37 37 36 36 33 32 31 30 29 29 29 29
135 130 133 134 130 135 136 124 98 65 44 40 36 37 40 36 37 37 37 37 36 34 33 32 31 31 33 36 39 39 36 34 39 38 36 34 33 34 35 36 36 35 33 32 32 32 33 34 35 35 36 36 37 38 38 38 38 37 37 36 36 35 35 34 35 35 35 36 38 37 36 34 37 37 40 40 32 31 56 88 94 85 74 76 102 131 138 129 127 137 119 122 144 135 102 39 38 38 36 35 36 38 41 44 39 40 40 41 41 40 40 39 39 39 38 37 36 36 35 35 34 33 33 32 31 31 31 31
135 132 136 136 130 135 138 129 106 70 46 39 35 37 39 35 36 36 36 36 35 33 32 31 31 32 33 36 39 39 37 34 39 37 34 32 31 32 34 36 36 35 34 33 33 33 35 36 36 36 36 37 38 38 39 39 38 37 37 36 36 35 35 34 36 35 34 35 38 38 37 35 34 40 39 30 29 52 90 119 113 107 97 93 105 123 130 126 119 126 107 115 132 119 73 28 37 36 34 34 36 39 41 42 39 40 40 41 41 40 40 39 37 37 36 36 35 34 33 33 32 32 33 32 32 32 31 31
134 131 135 134 128 134 138 129 108 71 45 38 35 36 39 34 35 35 36 36 35 34 33 32 34 33 34 36 38 39 37 35 37 35 33 32 31 32 34 36 35 35 35 35 35 36 37 38 38 38 38 38 38 39 39 39 37 37 36 36 36 36 35 35 37 36 35 36 37 38 37 36 33 37 34 29 41 74 109 128 122 124 122 117 116 119 120 117 124 117 89 91 100 103 64 38 37 36 35 36 39 40 41 40 39 40 40 41 41 40 40 39 36 36 35 35 34 33 32 32 30 30 31 31 31 31 30 29
130 126 129 128 124 130 134 124 108 70 43 37 34 36 38 32 35 36 36 37 36 36 35 34 37 35 34 35 37 38 36 35 36 35 34 33 33 35 36 37 34 35 36 37 39 39 39 39 39 39 39 39 39 38 38 38 35 35 36 36 36 36 37 37 38 38 38 37 37 37 37 38 39 33 33 46 68 90 105 113 121 127 129 125 120 118 117 116 122 100 66 62 62 86 63 47 39 38 38 40 43 44 41 39 39 40 40 41 41 40 40 39 37 37 36 35 34 34 33 33 30 31 32 33 33 32 31 30
126 121 123 122 119 126 129 119 106 68 42 36 34 36 37 31 36 36 37 38 38 38 37 37 39 37 35 34 36 37 36 35 35 35 35 35 36 37 38 38 32 34 37 39 41 41 41 41 41 40 40 39 39 38 38 37 34 35 35 36 36 37 37 38 39 40 40 39 36 35 37 39 47 32 35 65 93 98 95 96 124 126 124 116 110 108 110 111 94 73 49 51 46 75 50 29 41 40 40 43 46 46 42 39 39 40 40 41 41 40 40 39 38 38 37 36 36 35 34 34 32 33 35 36 36 35 34 33
