0 0 0 0 0 0 0 0 0 0 0 0 0 0 0 0 0 0 0 0 0 0 0 0 0 0 0 0 0 0 0 0 0 0 0 0 0 0 0 0 0 0 0 0 0 0 0 0 0 0 0 0 0 0 0 0 0 0 0 0 0 0 0 0 0 0 0 0 0 0 0 0 0 0 0 0 0 0 0 0 0 0 0 0 0 0 0 0 0 0 0 0 0 0 0 0 0 0 0 0 0 0 0 0 0 0 0 0 0 0 0 0 0 0 0 0 0 0 0 0 0 0 0 0 0 0 0 0 
0 24 42 62 34 22 44 66 52 24 56 50 72 72 80 40 28 18 48 66 2 44 24 32 34 42 6 12 16 22 38 74 8 70 26 68 38 28 58 18 28 12 32 18 24 18 34 18 22 2 10 18 22 24 20 16 4 2 10 12 32 10 38 32 14 10 24 38 58 12 32 4 12 50 66 80 28 46 62 26 22 16 12 12 14 22 64 72 26 10 132 212 156 226 20 8 14 34 36 36 22 12 10 24 12 20 30 40 42 30 30 4 6 132 255 255 255 114 255 255 255 255 255 255 144 214 224 0 
0 32 34 38 44 32 54 30 34 38 62 70 38 64 42 20 14 14 26 62 36 30 48 12 22 52 32 22 20 10 48 82 12 60 18 54 20 6 60 42 24 8 30 26 32 30 48 28 44 20 18 16 14 14 14 12 6 4 10 12 34 8 38 32 28 38 34 78 66 48 42 30 78 40 46 82 44 20 40 26 8 18 30 22 34 18 40 64 36 6 128 206 148 216 8 8 18 20 32 28 22 22 24 38 24 6 16 44 66 60 28 12 10 136 255 255 228 80 154 86 114 118 255 255 116 148 166 0 
0 22 30 40 42 12 30 40 26 34 62 64 20 32 22 18 20 16 16 48 70 34 66 16 34 38 12 12 16 26 68 68 34 102 60 86 20 20 22 54 22 20 40 36 30 24 24 6 32 20 20 18 14 14 16 20 10 6 14 14 32 6 38 38 34 24 22 76 42 18 24 56 170 255 255 255 248 136 46 32 14 10 12 8 38 16 38 52 26 10 134 214 156 224 16 18 22 24 36 40 22 16 36 22 30 2 10 16 32 58 72 38 36 116 255 255 178 72 120 58 108 255 255 255 200 152 148 0 
0 24 30 30 38 34 26 48 30 20 44 38 14 12 24 30 36 22 26 68 78 18 56 18 20 44 22 2 20 46 64 26 100 148 94 146 72 20 46 58 40 30 44 26 26 36 36 30 36 28 28 26 18 8 2 12 10 4 12 14 34 10 38 32 32 42 10 18 54 110 255 255 255 255 174 152 178 142 68 38 18 20 16 18 44 20 62 64 30 10 134 212 154 222 16 34 40 6 64 72 42 22 28 30 14 20 32 40 40 28 50 38 16 64 255 255 108 2 74 102 82 156 255 255 230 138 152 0 
0 58 42 10 30 38 14 34 34 24 12 36 32 34 24 22 36 28 46 82 54 10 28 38 30 66 30 48 42 16 42 102 224 252 184 255 255 218 152 116 68 34 30 28 46 44 28 20 30 30 30 24 12 8 10 14 14 6 10 12 34 8 36 24 44 60 70 20 60 255 255 255 255 60 206 255 255 152 58 62 32 12 32 54 74 30 52 56 24 6 130 206 148 214 8 6 2 52 36 22 58 64 52 54 24 20 40 42 22 20 18 52 10 68 255 255 182 84 110 80 66 198 255 255 82 126 140 0 
0 62 36 52 50 56 46 32 36 50 20 52 70 56 46 16 26 32 62 80 14 32 12 58 38 74 26 38 14 94 154 172 194 210 176 244 255 255 255 242 146 56 26 4 32 12 38 22 32 14 14 10 12 26 30 28 20 6 14 14 32 6 38 26 38 4 64 84 255 255 255 158 255 255 255 255 182 134 108 102 110 102 58 18 70 44 50 58 30 12 136 216 158 224 16 36 38 222 255 255 255 255 255 255 255 255 152 32 30 26 38 46 20 48 255 255 255 255 104 96 28 144 255 255 98 136 106 0 
0 76 38 52 26 20 46 8 8 62 12 68 84 24 34 6 8 22 46 56 16 48 18 52 10 62 22 8 160 114 48 110 124 166 122 90 128 220 255 255 238 114 40 4 34 30 40 14 36 14 8 6 8 12 16 18 18 12 20 14 26 16 28 24 6 48 22 255 255 255 102 12 158 255 255 255 255 255 246 138 212 255 255 200 44 20 48 70 20 12 134 228 178 246 108 255 255 255 255 255 255 255 255 255 255 255 255 255 154 26 62 26 28 12 58 255 255 255 96 96 56 146 236 212 78 100 70 0 
0 82 44 56 20 10 52 26 16 58 12 74 60 18 44 28 30 24 46 68 26 46 44 28 40 66 18 136 255 172 174 198 186 255 192 90 48 104 184 255 255 232 106 66 22 62 18 42 34 10 4 4 2 14 24 22 6 4 8 4 22 26 14 14 60 6 236 255 255 62 122 170 106 172 242 255 255 255 255 255 255 255 255 255 255 120 108 64 30 40 114 228 192 204 255 255 255 255 255 198 190 136 255 255 255 255 255 255 255 228 44 6 4 22 16 16 255 255 254 80 102 194 255 255 120 56 124 0 
0 58 74 72 36 44 60 76 58 70 34 50 58 18 44 44 28 20 50 64 34 10 38 32 36 72 46 222 204 218 144 255 255 255 186 76 60 66 94 120 255 255 246 18 90 30 36 28 24 8 12 16 18 10 18 20 24 20 24 20 20 24 20 18 50 36 248 255 202 104 255 124 50 74 90 128 192 255 255 255 202 174 198 255 255 204 204 132 30 26 142 134 92 255 255 255 255 88 50 130 154 116 200 116 80 64 146 255 255 255 236 56 58 26 22 52 216 255 255 12 70 136 232 255 138 110 208 0 
0 60 100 54 6 32 6 50 56 74 80 44 78 48 78 58 18 66 84 62 16 24 32 26 48 44 40 242 84 250 150 255 255 166 64 46 48 74 120 82 174 255 255 198 30 48 46 24 28 10 10 8 18 26 32 24 24 14 16 12 12 16 14 28 78 42 246 255 255 130 236 74 44 44 26 30 54 126 172 178 190 146 138 146 114 108 148 114 40 26 124 126 244 255 255 186 28 28 70 132 142 102 100 32 54 72 54 78 255 255 255 108 88 54 64 54 146 255 255 144 210 255 255 255 250 255 204 0 
0 48 82 34 34 50 38 34 20 42 82 32 80 50 82 70 50 88 78 36 14 24 16 6 18 52 34 255 10 206 255 255 142 58 30 14 44 82 138 132 120 236 255 255 104 62 12 28 16 20 16 10 28 38 38 24 22 8 10 10 10 10 8 34 48 72 255 255 255 148 160 134 60 24 44 28 46 34 72 88 154 200 130 96 106 118 164 132 42 8 154 228 255 255 214 146 62 8 66 116 122 72 4 70 132 68 8 56 142 255 255 196 32 52 36 54 132 255 255 130 160 255 255 255 238 190 84 0 
0 30 38 40 48 34 20 16 34 6 46 18 62 50 74 42 40 58 38 2 20 22 20 24 32 88 64 255 40 156 255 255 104 54 54 84 118 114 128 190 158 130 255 255 194 50 38 40 2 18 16 14 26 30 24 24 38 16 14 12 12 14 16 10 4 20 255 255 255 114 186 255 252 182 94 74 52 20 74 84 136 162 108 96 144 158 170 114 16 32 132 255 255 255 94 92 40 34 8 40 60 52 44 78 62 40 26 90 92 252 255 208 12 38 44 54 114 255 255 50 255 255 255 136 112 116 32 0 
0 54 36 56 36 36 8 4 34 28 48 10 42 46 62 24 34 46 46 20 18 6 16 12 20 86 90 255 44 100 255 255 126 84 110 138 130 80 80 148 162 120 194 255 228 74 30 42 14 12 6 6 14 30 38 40 36 12 8 4 4 8 12 28 24 110 255 255 248 62 204 94 146 250 132 16 32 38 102 120 166 180 188 255 255 200 130 80 24 10 250 255 255 98 58 44 14 46 38 32 48 72 60 70 84 54 150 132 52 196 255 255 18 16 34 34 90 255 255 255 200 255 255 255 66 66 255 0 
0 46 24 50 24 38 12 8 20 30 18 18 24 10 18 20 42 28 30 26 22 20 28 24 70 94 128 255 114 168 255 214 92 58 96 116 76 42 48 88 100 114 184 255 255 40 18 26 14 12 6 6 14 26 36 32 14 10 6 4 4 6 10 22 18 152 255 255 88 46 138 182 86 96 138 64 218 255 255 255 255 226 252 255 255 126 92 50 20 40 255 255 255 12 60 74 28 26 52 76 114 158 140 62 84 124 42 22 50 176 255 255 222 40 18 40 58 162 255 255 82 255 255 255 244 255 255 0 
0 36 28 44 22 30 28 8 20 32 6 20 2 14 6 18 18 10 8 6 12 20 22 20 52 74 255 230 100 136 206 166 58 30 64 102 82 110 134 146 134 84 130 255 255 6 24 14 2 8 16 18 18 12 8 10 12 38 64 78 78 84 92 88 86 230 255 255 132 102 186 250 166 166 180 248 255 255 228 166 118 172 226 236 108 40 28 30 60 28 255 255 224 72 106 118 56 54 78 64 36 80 100 118 136 68 28 52 68 94 194 255 255 94 26 42 86 130 255 255 255 242 255 255 255 255 255 0 
0 24 24 20 26 6 6 38 26 52 10 24 8 20 22 44 22 12 54 48 30 14 56 26 154 255 255 112 80 216 255 176 32 36 56 58 22 108 112 106 80 44 194 255 214 36 30 20 22 30 14 6 18 12 10 28 70 104 114 100 84 88 100 104 120 196 255 255 255 216 255 255 90 248 168 255 255 68 254 216 148 132 102 136 172 210 190 142 136 50 255 255 255 118 120 118 84 82 130 124 150 204 212 192 146 102 94 58 62 148 240 255 255 124 26 68 62 188 255 255 255 255 208 255 255 255 255 0 
0 14 22 14 8 12 12 38 12 46 12 22 12 12 38 56 32 18 66 44 54 42 50 46 255 255 255 255 192 255 255 96 42 24 50 78 26 112 78 50 44 62 194 255 198 64 30 6 14 26 30 16 18 28 38 96 142 126 90 42 22 16 22 38 46 82 206 255 255 255 192 255 255 255 182 255 255 192 72 60 148 132 92 80 38 118 136 178 162 30 255 255 255 86 114 94 86 76 98 110 122 118 150 166 160 162 156 48 54 82 118 255 255 114 36 28 50 176 255 255 255 255 255 255 102 90 96 0 
0 22 12 20 16 14 18 34 4 52 20 30 24 18 36 22 62 38 92 56 62 54 30 158 255 255 134 255 255 255 102 58 12 46 28 102 86 122 68 70 82 128 226 255 194 68 60 36 54 28 16 8 34 70 96 134 116 58 34 24 24 12 12 30 54 36 70 54 255 255 255 230 104 100 214 138 152 255 168 66 206 255 190 144 102 176 36 190 186 28 168 255 255 10 12 32 28 36 34 26 22 22 128 134 110 138 190 164 72 140 255 255 255 116 20 36 14 130 255 255 255 255 255 255 255 226 18 0 
0 144 108 58 44 40 36 36 30 46 20 26 20 34 64 22 62 138 94 94 114 106 62 255 255 218 148 228 208 192 144 255 255 255 255 255 255 255 190 76 112 252 255 255 160 72 48 18 36 34 20 18 62 100 110 92 36 16 20 28 32 36 44 42 20 6 64 96 112 255 255 255 250 46 255 110 114 172 255 212 174 255 255 58 216 255 94 255 130 64 98 255 255 86 40 76 42 14 20 74 104 62 80 180 166 130 48 224 122 255 255 255 130 122 16 22 16 24 255 255 176 255 255 255 255 255 255 0 
0 204 194 140 70 16 12 12 22 36 20 24 16 30 56 28 10 90 36 255 255 255 218 255 255 255 182 108 150 48 96 238 255 255 255 255 255 255 255 255 255 255 255 255 116 44 20 16 14 12 20 44 78 90 68 26 14 38 52 68 80 92 100 94 82 48 30 70 88 64 255 255 255 120 210 108 146 104 112 100 246 255 255 106 255 138 255 255 50 68 88 255 255 192 186 152 120 122 190 242 224 255 255 255 218 32 102 136 102 255 228 172 255 255 162 20 10 24 124 255 162 255 122 255 255 176 255 0 
0 114 164 168 112 44 44 52 38 34 10 12 14 42 78 22 44 62 132 255 255 255 176 255 76 226 132 104 152 46 94 255 255 255 255 96 108 255 34 255 255 255 220 148 48 14 48 20 16 6 32 60 88 76 30 24 26 62 90 100 96 90 80 86 134 146 114 30 74 56 46 255 255 242 255 255 238 255 88 216 255 255 32 194 214 244 255 136 40 10 96 255 255 255 255 255 255 255 255 255 255 255 255 255 255 240 86 76 114 255 140 255 255 255 255 28 20 12 224 255 150 255 255 255 255 166 62 0 
0 10 94 170 170 104 32 14 10 8 14 12 14 16 58 32 10 58 255 255 112 255 255 255 255 136 188 100 26 130 48 128 250 255 255 255 255 255 255 255 36 226 128 108 22 40 32 32 40 32 58 78 106 76 18 2 34 94 116 98 64 36 8 40 52 94 118 110 52 36 50 255 255 255 255 255 240 255 110 255 255 172 160 248 4 255 234 74 16 40 100 255 255 94 255 255 255 236 255 252 200 124 126 255 255 174 22 42 176 162 250 246 118 255 248 36 38 56 255 255 214 172 255 255 114 44 42 0 
0 44 18 106 186 144 66 38 46 44 28 24 36 8 46 50 38 74 255 255 255 255 255 140 255 106 138 68 84 66 140 136 86 186 255 255 255 146 255 255 255 255 200 140 10 44 30 10 22 12 30 104 102 32 8 18 30 64 82 42 14 16 70 136 60 60 110 114 48 82 68 200 255 90 236 106 148 255 168 255 252 152 140 255 255 255 66 74 10 8 64 255 255 255 255 255 255 255 255 255 255 255 255 255 255 255 255 150 188 18 148 98 255 255 218 36 26 26 255 222 214 64 242 255 208 170 178 0 
0 20 52 46 150 128 70 38 16 34 18 22 40 16 50 44 30 98 255 255 255 126 255 162 126 255 72 50 84 84 244 158 212 104 46 140 146 30 255 255 255 255 234 174 30 20 14 4 8 12 6 124 116 30 28 50 86 112 84 30 118 92 246 255 255 238 255 220 88 54 68 42 255 255 152 60 86 160 94 255 255 190 146 224 230 80 16 60 32 52 104 164 255 255 242 255 255 130 118 112 255 255 255 118 88 80 255 255 88 84 138 64 154 194 174 46 56 154 255 138 255 198 255 255 238 255 255 0 
0 32 78 58 168 104 52 10 38 46 30 34 42 32 50 30 66 255 255 172 255 255 255 242 186 255 226 22 100 124 142 64 176 84 238 228 234 94 254 122 62 255 255 96 46 8 6 12 6 8 4 152 142 22 58 112 94 50 18 82 50 216 255 255 255 255 255 255 255 88 26 6 255 255 214 38 255 255 206 255 255 114 90 42 36 56 24 64 82 34 142 106 255 255 128 18 102 112 200 148 198 102 36 110 130 188 255 255 255 148 152 134 100 206 188 40 62 255 255 186 255 50 170 255 255 255 255 0 
0 42 6 170 212 100 48 40 18 16 56 32 30 20 34 20 48 255 255 216 234 255 58 152 236 28 255 102 120 176 104 168 68 60 94 128 130 255 255 144 124 255 255 30 68 14 12 22 6 28 36 156 112 255 255 255 244 70 28 152 255 255 255 255 255 255 255 255 255 216 16 18 255 255 244 255 226 120 255 255 110 58 74 50 56 86 62 48 102 38 132 68 222 255 255 48 86 70 242 154 192 116 96 80 90 108 196 234 255 255 30 90 104 240 255 34 170 255 255 224 255 160 68 198 255 255 255 0 
0 22 122 246 190 48 44 26 30 38 48 8 36 16 32 60 182 255 255 255 255 255 198 132 146 255 66 255 78 210 42 106 255 255 200 138 255 255 255 190 222 255 162 66 64 40 14 34 18 44 26 106 84 255 255 255 255 255 255 255 255 255 255 255 190 136 140 255 255 226 48 16 255 255 142 120 242 255 255 255 36 110 182 104 26 52 72 64 74 16 130 88 12 255 255 146 126 70 242 154 210 104 26 110 114 186 210 38 255 255 255 255 130 255 150 255 255 255 134 174 178 204 214 108 208 254 8 0 
0 104 184 218 94 34 40 20 40 18 16 20 36 4 52 32 255 255 255 248 255 255 234 214 136 255 255 154 255 255 70 110 210 100 170 198 255 154 168 255 244 214 82 88 40 48 12 42 54 64 22 68 62 255 255 252 255 255 255 255 255 255 92 82 190 134 66 255 255 255 54 110 184 255 255 255 255 255 255 22 255 186 255 134 40 34 30 60 44 18 152 104 56 255 255 154 160 255 255 255 248 142 58 202 164 168 230 52 255 255 255 172 252 178 255 255 255 142 62 112 142 144 196 194 255 255 62 0 
0 152 154 124 20 60 34 36 34 34 6 26 28 16 44 240 255 255 54 60 32 44 102 18 106 210 132 255 255 196 132 100 50 144 162 192 236 84 132 6 74 94 56 60 24 64 18 22 76 62 44 62 56 255 255 182 168 68 12 56 62 80 148 144 142 68 42 255 255 255 40 255 208 30 162 158 112 52 102 255 255 255 255 154 32 26 36 40 62 48 96 180 146 255 255 76 150 255 166 255 255 140 108 252 150 124 246 228 255 246 255 255 76 228 255 148 46 48 122 128 152 170 152 150 255 255 72 0 
0 128 76 60 22 50 32 48 28 44 20 40 36 26 70 255 255 255 96 36 56 66 24 62 4 44 82 255 255 60 114 82 98 118 182 255 255 198 238 180 28 28 42 34 30 56 38 20 74 54 52 70 16 255 255 94 180 132 78 120 114 74 62 14 20 16 44 255 255 255 230 255 255 255 218 214 142 255 255 255 255 255 255 98 40 44 26 32 30 24 16 92 118 255 255 152 162 255 74 255 255 90 116 160 86 60 118 250 224 30 255 255 255 255 114 114 174 108 108 120 70 142 200 255 255 255 146 0 
0 255 192 66 26 10 22 10 52 42 18 48 72 24 152 255 255 146 48 92 82 92 100 58 14 30 96 255 255 255 255 232 34 78 54 255 255 224 234 162 26 28 44 44 34 30 18 8 48 62 68 84 54 255 255 124 164 122 66 60 50 22 84 84 92 54 50 255 255 255 200 255 255 255 255 255 255 255 255 255 216 255 255 16 26 6 16 40 14 30 34 34 60 130 255 255 162 255 255 255 255 120 150 90 54 106 48 210 182 14 255 254 224 218 62 156 156 178 188 238 174 130 12 255 255 242 226 0 
0 255 255 188 20 44 24 48 16 40 22 68 52 60 255 255 255 4 26 20 44 24 42 12 22 68 32 152 255 192 192 255 255 255 255 255 255 255 255 102 62 40 10 48 18 36 12 2 30 24 36 68 148 255 255 255 255 255 174 88 74 98 170 255 255 255 255 255 110 255 255 255 255 255 255 255 255 255 255 232 255 255 255 48 26 32 42 50 76 62 48 58 90 92 232 255 255 255 255 255 255 182 134 184 170 112 102 238 218 100 255 200 108 134 156 255 255 255 255 255 255 255 208 255 226 202 255 0 
0 76 244 210 50 60 44 48 18 58 32 110 66 30 255 255 150 26 10 18 28 50 14 40 30 122 50 80 246 166 218 255 255 255 255 255 255 80 255 118 160 74 68 46 10 50 26 10 38 46 62 12 188 224 224 255 255 255 255 255 255 255 255 255 255 255 255 255 152 255 246 255 110 255 255 154 194 174 130 98 255 255 82 88 116 122 56 112 94 72 56 60 58 40 52 255 255 255 255 255 172 232 64 90 18 30 90 200 176 96 255 255 134 255 255 255 164 192 190 204 234 255 255 84 255 255 255 0 
0 255 255 194 20 38 50 120 76 40 38 84 122 158 255 255 54 18 30 14 36 28 40 44 112 80 142 106 234 226 255 255 255 200 64 255 255 255 255 68 128 140 116 98 54 20 58 12 10 74 78 66 176 255 220 255 154 140 255 255 194 255 255 128 182 230 255 255 236 255 148 190 188 255 255 28 28 102 22 255 255 255 116 136 96 78 60 136 82 62 26 54 34 72 54 122 255 255 98 255 106 255 66 50 28 70 94 92 40 36 255 255 255 255 208 80 38 82 102 110 120 214 255 188 98 228 228 0 
0 255 255 32 74 38 50 44 40 76 74 70 78 255 255 255 62 26 30 22 52 14 52 46 122 86 32 208 70 255 84 255 255 152 255 255 255 255 255 52 44 120 110 124 122 48 60 30 28 34 62 36 164 255 255 255 255 255 254 255 255 255 255 255 255 255 255 255 78 214 80 158 255 255 255 58 50 42 24 255 255 182 210 86 32 18 60 52 56 36 6 42 22 44 82 32 255 255 210 255 162 255 54 80 36 64 64 44 34 12 242 255 255 68 52 42 46 78 96 56 68 146 222 232 54 162 160 0 
0 255 122 78 44 22 44 56 116 72 74 38 78 255 255 255 94 96 74 38 8 52 68 30 82 250 255 62 255 255 255 255 255 108 192 255 255 255 255 46 30 52 48 94 134 96 92 32 20 44 10 66 18 255 255 148 255 224 255 255 255 255 255 255 144 166 190 52 166 255 255 255 255 255 78 18 18 40 254 255 255 66 132 32 76 48 28 56 44 28 16 26 38 46 54 108 255 255 255 48 226 196 82 56 24 34 66 50 30 12 112 255 255 66 78 162 255 255 255 255 255 255 114 254 255 255 254 0 
0 168 74 40 48 54 20 20 92 122 32 90 255 255 255 190 104 112 94 116 136 108 178 255 255 255 255 255 244 130 255 255 255 255 255 255 255 255 255 62 72 50 4 44 80 70 70 52 38 40 62 20 72 255 255 255 104 246 182 168 130 90 54 196 252 234 52 164 146 255 255 255 255 255 38 50 14 94 255 255 255 112 74 38 50 44 36 74 36 12 20 4 14 14 46 255 255 254 255 255 46 122 102 38 6 34 60 48 24 20 52 255 255 174 76 255 255 255 255 255 255 255 186 255 255 242 100 0 
0 84 42 44 44 28 18 40 56 52 118 255 255 255 172 108 64 52 180 255 255 255 255 255 255 255 255 255 255 196 162 255 255 255 255 255 255 255 255 74 54 66 6 60 52 10 12 14 52 46 22 28 60 160 255 255 172 32 32 138 120 80 94 94 46 72 162 94 114 178 255 140 255 255 44 18 34 166 255 255 80 58 36 32 48 42 48 40 20 18 24 8 48 44 78 255 255 210 60 255 255 108 52 62 90 58 18 34 34 14 40 255 255 146 180 255 255 234 152 144 210 255 255 255 200 28 174 0 
0 186 128 60 12 34 14 16 24 74 144 255 255 226 255 168 108 58 220 255 255 255 255 255 226 86 80 255 255 240 154 255 255 168 255 255 226 255 255 74 52 80 20 62 38 12 14 18 28 68 62 30 96 90 255 255 218 50 30 146 102 86 98 54 102 118 108 124 182 92 255 255 255 255 68 22 62 255 255 255 58 8 44 22 28 18 36 40 60 26 24 38 48 22 66 255 255 140 228 126 255 255 255 94 26 72 78 40 48 22 48 255 255 102 255 255 255 100 62 46 54 214 255 255 255 255 146 0 
0 236 156 158 66 40 34 6 78 112 36 255 255 70 240 198 148 196 255 255 255 255 198 52 18 28 56 255 255 255 118 255 255 214 255 255 114 255 255 38 34 106 66 62 42 22 22 6 14 22 48 30 108 36 255 255 255 30 6 168 255 255 162 72 22 58 80 170 174 236 255 255 255 255 4 50 255 255 255 126 70 28 64 4 46 8 44 8 34 30 16 32 20 28 60 255 255 126 170 255 255 255 255 255 226 126 90 20 40 12 80 255 255 86 255 255 150 240 255 255 252 182 88 130 255 255 255 0 
0 114 126 166 92 56 34 18 78 70 20 255 255 255 255 255 255 255 255 255 255 184 118 90 26 36 6 46 255 255 255 255 255 180 255 255 204 255 255 74 56 84 68 64 66 48 54 44 32 24 42 32 66 8 186 255 255 176 98 220 255 255 255 48 118 124 120 224 122 255 208 255 255 255 255 255 255 255 255 100 50 26 64 16 54 6 34 8 34 34 12 28 16 32 68 255 255 150 220 255 255 255 255 255 255 255 154 62 54 82 208 255 255 184 255 255 255 234 255 255 255 255 254 106 156 230 150 0 
0 255 50 134 86 50 28 18 56 82 100 255 255 255 255 255 255 255 255 255 255 34 108 58 32 52 52 50 170 255 255 255 255 150 255 255 255 255 255 94 58 40 32 32 34 18 24 42 70 44 38 46 60 44 76 255 255 255 198 255 150 188 255 230 255 176 212 255 98 255 255 255 255 255 255 255 255 255 18 92 44 28 66 10 46 44 72 44 50 36 16 24 20 4 26 255 255 88 255 255 196 255 255 255 255 255 176 66 38 152 234 218 255 255 114 255 255 255 255 210 198 255 255 12 255 255 200 0 
0 255 110 184 74 68 26 24 54 70 100 22 62 62 34 24 24 30 52 12 66 88 74 16 24 78 50 74 84 255 255 255 122 150 70 255 255 255 255 86 52 46 42 42 66 88 104 142 116 50 52 60 54 50 62 216 255 255 106 92 28 84 198 208 120 86 218 38 255 255 212 255 255 106 255 255 255 16 36 74 82 60 116 66 62 60 56 20 26 38 26 16 14 8 16 255 255 94 255 255 98 255 32 255 255 255 255 255 255 255 182 168 222 255 255 212 255 255 255 255 255 255 198 178 255 255 255 0 
0 255 255 198 16 18 28 50 40 60 64 26 8 8 8 28 28 34 64 54 50 124 94 18 50 52 118 20 118 32 78 156 76 80 90 255 255 255 255 132 100 118 112 108 114 122 120 126 82 62 50 54 44 28 30 28 255 255 116 54 50 96 60 208 212 176 134 255 255 255 14 255 255 70 60 26 44 46 12 28 28 52 106 74 84 112 108 92 64 42 24 14 12 4 10 255 255 255 255 255 160 255 94 255 255 255 255 255 255 255 255 255 255 255 206 255 255 255 114 255 255 255 26 174 228 255 255 0 
0 255 255 126 26 26 58 72 34 56 74 14 22 16 8 44 34 28 54 24 64 112 84 28 56 16 88 64 52 34 68 22 72 28 126 255 255 255 226 98 124 116 98 80 66 50 32 26 12 30 28 22 14 18 14 36 255 255 138 178 214 230 255 255 188 234 255 255 255 64 80 255 255 66 52 38 56 28 12 46 46 14 40 28 48 74 62 76 102 74 56 42 28 18 6 255 255 255 255 255 170 255 80 255 98 202 255 255 255 255 255 255 255 255 132 255 255 188 166 255 194 118 104 110 112 255 255 0 
0 255 255 200 36 20 28 50 12 52 94 10 20 36 28 18 28 30 6 34 56 70 86 34 54 44 88 64 30 40 48 42 36 38 128 152 254 255 26 28 44 16 12 10 10 14 16 10 20 18 14 18 16 12 26 16 255 255 164 192 122 212 176 188 255 150 255 255 66 44 154 255 255 80 40 40 86 58 18 70 38 12 32 26 24 36 8 36 60 76 66 52 40 36 32 255 255 255 255 206 238 255 134 255 122 32 38 82 62 10 32 34 44 22 16 255 255 255 255 206 130 210 190 82 14 142 255 0 
0 255 255 255 16 14 4 50 40 50 74 16 16 38 38 36 50 8 40 36 24 68 108 32 38 32 72 44 2 8 16 24 36 38 80 78 26 10 20 12 26 32 22 24 22 16 8 20 6 26 18 20 18 40 28 28 182 255 255 255 130 255 255 255 255 255 255 62 32 92 255 255 255 48 22 44 38 56 28 54 42 24 42 30 14 30 10 24 6 32 68 76 54 30 24 255 255 255 255 204 160 255 50 255 62 40 40 24 20 28 6 10 32 32 48 254 255 255 255 192 120 140 160 158 20 136 170 0 
0 255 255 255 12 20 28 78 64 44 48 26 14 20 28 4 18 24 12 12 24 90 114 38 26 30 10 20 12 42 48 26 32 84 66 46 56 10 8 14 8 18 18 14 12 22 26 14 14 4 10 12 38 28 10 40 10 255 255 230 255 255 255 206 255 255 255 96 62 134 255 255 238 70 42 16 18 34 56 22 40 8 24 14 2 18 18 8 12 22 42 80 70 28 6 255 255 255 255 134 46 255 88 255 32 22 22 24 2 20 14 18 34 30 44 90 212 218 255 255 202 72 112 158 22 94 158 0 
0 255 255 255 26 12 60 74 46 32 40 34 18 10 14 12 14 2 22 30 66 110 120 60 38 32 36 26 20 40 36 96 124 124 72 34 28 26 20 4 16 6 2 6 6 2 6 14 14 8 14 28 20 8 34 42 50 255 255 202 255 255 255 164 255 255 255 255 92 64 255 255 104 28 12 12 36 42 24 18 38 16 4 6 12 12 6 12 14 24 2 48 78 60 20 255 255 255 255 180 166 255 146 255 28 20 14 24 24 14 22 10 20 30 34 40 58 188 255 255 228 180 204 98 72 162 184 0 
0 255 255 255 34 26 82 28 40 44 36 32 22 30 34 20 6 10 22 14 44 94 114 96 30 50 10 12 28 60 88 128 100 62 48 40 34 32 26 16 22 14 8 10 10 8 14 8 4 10 18 20 8 14 24 12 2 255 255 255 255 255 255 255 255 255 255 255 255 96 255 255 112 66 42 48 8 24 14 14 32 36 28 14 4 8 14 16 18 32 22 22 74 96 80 255 216 255 252 170 142 255 152 255 28 20 10 18 16 4 12 14 28 12 22 28 52 104 255 255 255 255 130 190 255 255 214 0 
0 255 255 216 40 76 60 30 58 68 68 48 18 18 20 12 2 10 24 24 46 62 88 106 38 28 36 38 44 52 96 88 34 14 22 32 32 28 24 6 8 12 18 14 14 18 12 2 10 2 22 32 18 12 38 36 42 255 255 255 255 255 255 255 255 255 255 176 255 255 255 255 178 54 38 48 30 28 12 12 14 28 26 14 4 6 10 8 4 18 24 36 42 90 100 255 166 255 74 110 254 255 255 255 2 26 16 24 22 12 18 10 10 6 8 2 16 122 255 255 236 216 255 255 255 234 162 0 
0 255 255 70 34 100 38 42 48 56 54 32 14 24 30 14 8 2 14 30 46 48 52 92 64 16 42 60 78 50 58 34 6 20 8 16 6 10 42 24 26 22 22 12 12 22 22 14 4 6 14 32 34 12 14 16 4 194 255 255 255 255 140 92 255 255 14 255 190 255 255 255 174 24 54 42 4 24 22 22 16 32 32 24 16 18 24 26 24 26 40 46 26 42 62 255 184 255 132 124 130 255 255 255 20 16 4 8 8 4 14 0 4 20 30 32 46 70 255 255 255 255 255 255 186 178 255 0 
0 255 255 20 28 82 54 40 82 76 66 40 12 22 22 4 10 2 10 14 24 26 22 60 72 80 78 102 114 40 28 20 14 24 12 30 20 26 48 20 34 22 16 6 6 16 22 30 12 12 4 18 32 32 30 34 32 18 255 255 74 255 42 80 228 255 255 160 255 255 255 255 70 36 46 38 34 34 4 24 22 24 18 12 8 4 6 10 12 14 26 30 26 44 50 255 164 76 102 202 50 148 162 106 32 20 8 10 10 6 12 16 20 6 22 42 8 50 106 228 255 244 244 136 232 255 255 0 
0 255 255 22 30 70 72 36 12 30 36 30 20 26 20 4 12 8 16 34 38 28 18 22 44 96 128 138 114 38 20 24 10 6 36 46 24 14 24 16 14 16 8 2 2 8 16 36 24 10 4 12 12 32 60 52 38 40 166 255 255 255 156 90 52 255 255 212 255 255 255 56 50 26 36 36 22 60 36 4 6 16 26 32 34 30 24 26 30 32 36 36 28 32 22 118 160 168 146 212 28 56 56 8 26 34 24 26 24 24 28 32 18 40 24 34 20 56 32 46 122 170 254 255 255 255 255 0 
0 255 252 28 84 72 36 32 26 38 36 26 16 16 6 6 10 24 12 12 36 50 50 42 64 44 62 56 32 22 22 12 18 22 42 30 12 18 4 18 12 0 6 8 16 20 18 38 30 22 22 16 20 44 50 36 40 28 22 255 255 255 255 222 122 255 255 255 255 255 152 40 22 64 48 80 28 40 44 16 32 20 22 20 18 16 14 20 14 22 18 12 14 12 6 26 64 104 100 26 126 92 106 4 22 10 8 12 6 10 16 36 34 26 24 12 28 20 28 34 255 255 255 255 255 255 132 0 
0 255 80 66 98 12 32 50 32 40 26 18 8 6 8 14 8 20 20 8 12 32 42 36 24 8 26 20 32 20 14 16 30 18 22 16 6 12 14 10 10 12 4 12 16 14 10 34 30 38 42 36 28 40 22 10 40 26 26 54 250 255 255 216 255 255 255 255 255 255 18 40 30 20 24 62 38 36 30 24 26 12 10 10 16 14 10 16 10 34 22 4 8 8 16 14 42 128 255 255 255 76 108 32 28 16 8 14 10 10 14 10 8 12 12 12 20 12 18 44 255 255 255 255 172 234 94 0 
0 255 94 84 80 50 18 62 82 84 64 30 2 4 6 12 10 14 12 6 4 10 12 14 16 20 24 18 16 28 34 24 16 12 12 10 4 0 0 4 2 8 8 8 8 8 4 20 20 38 40 40 16 24 12 16 40 60 24 4 16 198 255 218 80 172 255 255 255 194 32 38 100 62 56 68 44 42 30 24 14 12 10 12 12 8 8 6 2 22 26 12 4 10 8 24 32 182 255 90 255 98 92 18 24 20 32 30 30 32 20 18 16 18 10 8 10 6 2 58 255 255 146 86 62 138 90 0 
0 255 86 90 30 32 28 74 60 62 58 32 6 8 8 6 10 10 8 0 12 16 18 12 6 12 16 10 4 14 22 18 2 16 16 12 6 0 0 2 6 8 6 8 8 8 6 4 18 22 30 32 8 32 22 40 28 30 6 18 46 142 255 255 174 226 255 255 255 80 48 110 50 24 28 40 40 34 22 26 10 14 12 14 10 4 4 2 0 8 24 24 12 8 10 38 46 48 255 255 255 92 26 8 28 24 26 14 14 26 24 22 14 20 16 22 20 16 14 102 255 255 110 50 44 38 42 0 
0 255 16 66 32 24 32 42 90 78 60 26 12 2 12 14 10 4 2 6 16 18 18 14 10 20 26 24 16 8 6 12 10 14 18 16 10 2 0 6 10 6 2 6 10 10 8 4 16 20 42 54 24 36 24 46 60 54 56 44 66 84 255 255 206 255 255 150 66 78 82 76 46 38 56 50 54 36 12 18 2 16 22 22 16 8 4 4 0 12 14 26 20 4 18 24 16 18 60 70 70 88 22 48 28 20 34 36 36 34 20 24 12 26 34 32 22 18 20 82 255 255 34 56 20 36 68 0 
0 255 36 40 18 18 24 82 90 68 44 12 12 16 16 10 10 4 6 10 16 16 12 16 18 16 22 26 26 20 16 22 14 14 16 16 12 4 2 12 14 10 6 4 12 14 10 10 16 24 44 50 14 22 8 16 8 28 32 42 64 50 230 255 255 255 255 104 70 54 50 20 10 24 42 34 44 30 16 32 10 24 32 30 20 14 14 6 4 16 18 32 22 4 22 28 64 70 86 88 138 60 22 46 32 6 20 30 30 20 6 20 16 30 30 20 6 4 8 58 255 255 94 36 52 76 255 0 
0 116 66 48 32 28 30 78 22 20 10 4 6 20 28 16 22 8 8 8 10 14 10 14 20 4 8 12 18 18 14 16 10 18 18 16 12 4 4 16 14 12 10 6 8 14 12 14 8 14 26 38 14 36 28 54 64 88 54 118 80 134 18 255 255 255 255 68 22 66 60 24 8 32 44 30 34 22 10 28 8 30 38 32 18 20 22 8 6 14 30 30 14 0 18 34 2 60 40 62 56 48 52 38 28 6 6 2 2 6 6 10 8 16 22 26 22 18 16 68 255 255 178 14 82 218 255 0 
0 30 106 110 82 58 56 18 54 46 30 10 4 14 30 22 20 8 6 4 6 14 12 8 20 12 6 0 6 10 8 8 4 16 18 16 12 4 4 18 12 14 12 4 4 12 12 14 8 22 32 44 36 58 48 52 30 60 74 52 30 34 144 36 255 255 52 82 38 52 94 80 52 62 58 52 40 26 18 22 8 32 38 28 12 18 22 16 8 28 30 16 2 6 12 14 54 64 84 40 16 50 30 36 32 2 14 22 22 14 2 8 2 10 20 28 30 26 18 42 255 255 255 78 184 255 255 0 
0 92 110 54 48 28 40 58 50 58 42 22 10 8 18 10 10 12 18 20 12 8 10 6 6 10 18 18 12 4 4 4 12 22 20 14 14 10 20 20 8 28 22 12 12 22 26 10 8 12 14 26 32 30 6 18 28 4 28 20 26 62 26 104 60 46 24 60 40 40 24 48 20 16 24 52 66 8 14 22 22 46 34 18 8 22 24 14 10 20 16 10 8 6 14 4 46 80 76 30 26 50 42 34 22 20 16 8 6 12 16 10 6 2 4 6 6 6 2 28 114 255 255 176 255 255 255 0 
0 64 48 104 82 60 64 56 16 44 40 20 14 30 46 32 38 16 12 12 8 10 14 14 6 16 14 22 20 6 6 6 12 18 20 20 20 22 26 8 14 12 14 10 10 14 12 10 6 10 12 12 30 22 14 8 14 10 14 12 24 18 54 48 30 26 68 62 30 16 84 70 58 42 40 18 60 26 14 24 20 62 46 16 28 34 24 12 12 18 22 16 8 8 14 8 12 30 4 20 10 24 16 6 18 14 6 12 20 18 14 4 10 4 8 12 12 8 4 26 26 255 255 255 255 255 34 0 
0 88 122 78 102 94 74 42 24 58 50 26 14 12 32 22 36 20 8 12 16 8 2 10 14 10 2 14 16 4 6 2 12 22 22 28 28 22 8 6 12 18 18 12 12 18 18 14 4 14 8 22 26 32 38 48 30 14 16 22 14 26 32 10 24 22 24 54 64 64 52 14 40 26 24 16 54 38 18 18 16 54 42 16 32 22 2 12 8 8 8 8 6 8 8 16 10 20 18 12 4 14 14 2 10 12 10 12 12 10 12 10 6 14 14 16 12 12 14 14 10 255 255 255 255 22 80 0 
0 102 42 46 6 60 70 32 34 48 42 20 30 28 46 30 36 24 14 18 20 10 10 10 14 20 12 22 16 2 12 8 10 24 26 22 18 10 6 4 10 20 24 20 20 24 20 12 8 18 12 36 48 40 20 16 22 6 10 16 6 20 26 8 20 16 14 16 20 18 6 40 36 16 20 20 52 34 20 12 16 48 30 14 30 14 12 14 8 8 10 12 10 10 10 10 4 16 14 8 2 10 14 10 10 10 10 8 8 10 10 18 6 10 6 6 6 6 4 22 18 52 106 90 64 100 56 0 
0 60 46 20 54 60 82 70 50 52 26 12 26 12 20 12 22 26 22 30 32 18 18 8 6 12 6 16 16 32 44 42 40 26 12 30 28 8 10 14 14 16 12 8 8 12 16 20 8 26 22 28 50 50 36 22 24 10 14 16 4 20 24 10 28 10 18 30 24 28 32 30 12 16 18 16 46 30 22 4 12 42 20 12 20 4 22 20 14 16 16 16 16 16 16 8 6 12 10 12 4 4 8 16 12 4 4 2 2 4 4 18 16 12 12 12 10 10 10 30 12 22 44 74 18 74 30 0 
0 56 22 56 60 76 78 46 24 30 16 20 24 18 30 14 6 10 2 10 12 16 32 42 50 50 42 46 42 58 66 58 56 46 12 24 36 20 4 8 14 20 16 10 10 16 20 12 16 36 24 12 30 36 28 14 18 8 12 18 6 20 24 24 40 28 10 12 22 16 8 18 22 28 22 12 48 32 16 12 16 38 24 20 22 14 26 20 10 10 10 10 12 10 8 8 12 10 12 14 12 8 6 14 14 4 4 2 2 4 4 10 12 14 16 14 10 10 10 50 70 56 36 8 42 14 48 0 
0 18 116 118 46 6 20 38 46 66 38 24 28 26 54 54 52 58 50 58 60 82 96 94 80 62 56 52 34 36 40 34 44 58 36 18 32 16 10 18 20 32 34 24 24 34 32 18 26 34 18 12 34 34 22 10 22 10 12 16 6 20 24 24 34 12 22 14 2 10 28 34 40 44 34 12 56 42 14 16 22 40 28 28 32 16 24 12 6 12 12 12 16 14 12 8 8 10 14 16 16 16 10 8 14 10 10 8 8 10 10 14 6 8 8 6 4 4 6 46 12 58 38 28 20 44 28 0 
0 82 34 28 32 26 52 72 58 70 32 18 40 18 18 34 48 50 46 46 58 80 88 72 52 46 44 36 14 16 38 40 8 52 38 26 36 8 30 20 8 32 32 18 18 32 32 12 20 22 12 16 42 54 54 38 4 14 16 20 12 26 32 10 52 36 10 18 6 18 40 30 40 54 50 12 56 48 6 18 28 42 30 26 32 14 18 2 18 20 20 20 24 22 18 14 4 8 10 12 14 16 12 4 8 12 10 12 12 10 12 14 12 16 16 12 8 8 12 48 46 22 8 2 12 16 70 0 
0 46 36 60 56 32 28 44 70 84 60 26 44 46 22 20 18 12 8 8 18 32 28 4 6 16 34 36 24 8 12 52 36 52 28 16 24 8 22 10 18 14 30 30 26 32 28 28 48 58 28 22 32 44 14 28 40 10 8 20 10 24 22 18 18 30 6 30 8 36 28 20 44 50 58 10 64 18 46 22 44 42 16 50 30 6 16 36 28 20 14 22 38 58 70 72 22 14 18 18 18 36 24 40 50 36 22 40 2 52 64 32 10 38 38 26 22 34 30 22 44 46 52 26 16 40 36 0 
0 24 32 38 10 46 22 34 64 42 30 30 36 36 26 16 6 6 12 18 22 34 38 30 30 12 28 44 28 24 38 16 14 40 18 12 18 4 20 16 10 12 4 14 6 14 24 28 48 58 255 255 255 255 255 255 255 255 255 255 255 255 255 255 255 255 255 255 255 255 255 255 255 255 255 255 255 255 255 255 255 255 255 255 255 255 255 255 255 255 255 255 255 255 255 255 255 255 255 255 255 255 255 255 255 255 255 255 255 255 255 255 255 255 255 255 255 44 56 12 18 20 20 6 6 28 18 0 
0 50 22 18 24 4 34 66 62 34 28 24 38 32 10 28 22 10 6 14 20 26 24 26 32 24 12 40 16 18 30 36 36 18 16 30 30 16 8 14 12 16 10 12 10 16 24 22 12 30 255 255 255 255 255 255 255 255 255 255 255 255 255 255 255 255 255 255 255 255 255 255 255 255 255 255 255 255 255 255 255 255 255 255 255 255 255 255 255 255 255 255 255 255 255 255 255 255 255 255 255 255 255 255 255 255 255 255 255 255 255 255 255 255 255 255 255 26 14 38 50 28 18 10 12 18 18 0 
0 30 16 16 36 34 18 24 42 32 30 26 22 4 16 22 26 2 4 8 12 16 16 16 26 14 14 56 28 38 20 22 38 6 8 20 16 6 14 14 4 6 2 8 8 14 20 26 52 60 255 255 24 54 8 32 18 6 30 8 34 38 8 30 16 8 46 16 16 18 28 4 26 26 50 10 36 16 4 16 22 14 38 22 44 28 8 52 36 28 42 44 48 18 6 56 16 34 26 48 26 12 34 20 44 26 22 24 24 20 26 6 26 22 4 255 255 40 14 30 2 32 24 10 4 16 18 0 
0 36 24 12 22 36 42 36 52 60 50 50 50 16 16 20 30 12 18 18 20 16 6 6 28 14 38 66 22 36 52 40 38 12 16 20 12 12 24 18 14 14 10 22 20 24 32 14 18 72 255 255 32 114 255 255 255 255 18 255 255 255 255 255 146 255 255 255 255 255 255 102 14 20 255 255 255 255 32 255 255 255 255 255 255 42 26 48 255 255 255 255 46 22 255 255 255 255 255 206 16 22 122 255 255 255 255 255 255 255 255 255 255 52 24 255 255 10 40 46 32 20 20 10 4 16 22 0 
0 16 12 20 12 8 20 18 32 48 30 28 44 30 22 34 30 16 20 16 14 10 4 8 30 30 36 36 6 12 40 10 12 8 18 26 20 14 22 12 10 12 12 24 20 20 28 38 38 118 255 255 28 255 255 255 255 255 255 255 255 255 255 255 255 255 255 162 255 255 255 255 54 255 255 255 255 255 100 255 255 146 255 255 255 255 6 255 255 255 255 255 94 255 255 255 255 255 255 255 50 64 255 255 255 255 255 255 255 132 255 255 255 255 60 255 255 26 12 40 26 18 16 18 8 10 12 0 
0 20 8 16 18 10 2 4 18 50 56 60 58 34 16 10 6 8 8 6 2 4 8 20 14 34 58 60 22 6 28 32 16 12 6 20 18 4 16 16 8 8 8 16 10 10 18 32 14 102 255 255 136 255 255 244 255 255 255 255 255 255 255 255 255 255 255 255 255 255 255 255 230 255 255 255 255 255 86 255 255 255 255 255 255 255 228 255 255 255 255 255 72 255 255 255 255 255 255 255 170 126 255 255 206 255 255 255 255 255 255 255 255 255 52 255 255 56 26 42 40 6 14 24 24 16 8 0 
0 32 20 28 34 20 12 2 12 14 42 50 32 6 14 20 18 16 16 14 6 14 16 12 24 134 102 114 56 34 22 38 20 28 10 12 14 10 16 24 14 14 16 24 18 10 20 16 22 14 255 255 255 255 255 226 255 255 255 255 255 255 255 118 255 255 194 136 255 255 255 255 166 255 255 255 255 255 42 192 216 102 255 255 255 255 252 255 255 255 255 255 214 255 255 255 255 255 70 255 255 255 255 255 180 255 255 206 212 112 255 255 255 255 50 255 255 94 34 60 14 8 18 24 30 28 20 0 
0 20 16 28 12 14 18 8 6 22 28 16 22 16 14 12 14 4 14 24 22 18 8 10 22 142 156 244 164 24 30 36 16 12 14 18 16 8 0 10 4 10 14 28 28 14 20 10 12 8 255 255 255 255 255 255 255 255 255 26 255 168 255 192 255 255 28 255 255 255 255 255 230 255 255 255 255 255 100 144 255 255 255 255 255 255 255 255 255 255 255 255 255 255 66 255 244 255 226 255 255 255 255 255 255 255 255 194 255 255 255 255 255 255 8 255 255 72 96 48 26 10 20 36 34 64 42 0 
0 12 4 8 18 30 18 16 6 20 20 8 10 20 22 16 16 8 14 16 20 18 12 16 22 180 255 255 255 14 20 14 6 10 4 10 4 10 12 16 4 10 4 18 22 8 12 56 46 30 255 255 255 255 255 255 255 255 255 60 255 102 255 255 255 255 255 255 255 255 255 255 66 34 255 255 255 255 118 168 255 255 218 255 255 255 8 46 255 255 255 255 255 255 22 255 124 255 255 255 255 255 255 255 255 255 255 210 255 255 216 255 255 255 24 255 255 255 255 255 172 18 50 62 88 56 64 0 
0 28 12 20 10 20 20 14 4 12 16 10 10 14 12 6 18 16 8 4 4 8 16 24 14 156 255 250 255 56 44 22 26 12 16 12 6 8 8 2 8 8 6 22 22 6 10 50 52 80 255 255 255 255 255 255 255 255 255 62 255 186 255 208 255 255 255 255 255 255 255 248 12 58 255 255 255 255 92 160 255 255 255 255 255 255 158 46 255 255 255 255 255 255 50 255 190 255 202 255 255 255 255 255 255 255 255 124 255 255 255 255 255 255 116 255 255 255 255 255 255 194 50 12 34 70 46 0 
0 52 16 28 6 18 16 12 8 14 16 12 8 12 8 6 6 8 8 12 12 8 8 30 14 54 255 184 255 110 22 78 38 10 12 12 6 8 8 12 10 0 14 26 20 14 16 28 26 26 255 255 255 255 255 255 255 255 255 255 255 255 255 164 255 255 255 255 255 255 148 24 24 56 255 255 255 255 74 202 212 46 255 255 255 255 158 48 255 255 255 255 236 255 255 255 255 255 128 255 255 255 255 255 255 255 255 255 208 14 255 255 255 255 126 255 255 255 255 200 255 255 255 44 90 70 28 0 
0 66 14 26 20 14 10 10 10 14 16 14 4 6 8 14 10 20 24 20 20 24 20 24 38 58 255 255 255 144 38 24 34 8 6 8 6 6 6 16 12 6 16 24 14 16 22 32 32 60 255 255 255 255 255 255 255 255 255 255 255 255 255 255 255 255 255 255 255 255 255 255 80 28 255 255 255 255 118 255 255 255 255 255 255 255 132 42 255 255 255 255 86 255 255 255 255 255 255 255 255 255 255 255 255 255 255 255 255 255 255 255 255 255 158 255 255 255 255 150 158 255 255 255 168 24 28 0 
0 64 26 38 24 10 6 6 8 8 14 16 10 4 2 10 14 24 20 12 12 20 24 22 30 46 102 255 194 255 50 20 34 8 6 8 6 6 6 12 14 8 14 18 6 14 24 26 76 44 255 255 48 36 255 255 255 255 255 255 255 255 255 255 255 255 255 255 255 24 255 255 98 48 255 255 255 255 136 255 255 136 255 255 255 255 12 34 255 255 255 255 92 255 255 255 255 255 255 255 40 54 30 255 255 255 255 255 255 84 255 255 255 255 26 255 255 255 255 154 144 98 255 255 255 255 16 0 
0 46 26 38 14 8 6 6 12 6 10 14 12 8 4 8 12 8 8 12 12 8 8 30 40 24 88 255 194 255 86 6 24 10 12 12 6 8 8 6 10 8 8 22 14 8 22 26 28 66 255 255 26 2 255 255 255 255 102 255 255 255 255 255 178 255 255 255 255 255 255 255 56 14 255 255 255 255 118 255 255 255 255 255 255 28 28 38 255 255 255 255 32 14 255 255 255 255 255 124 36 42 48 255 255 255 255 255 255 255 255 255 255 44 18 255 255 255 255 98 68 128 96 255 255 255 214 0 
0 24 22 28 14 14 14 8 14 6 8 10 10 8 8 10 4 8 16 20 20 16 8 24 24 32 80 255 246 255 84 32 28 12 16 12 6 8 8 8 8 12 2 18 18 0 16 24 30 30 255 255 28 2 24 32 32 32 8 52 64 46 38 66 58 18 10 10 18 20 16 4 30 36 22 18 8 2 26 28 14 38 18 48 66 36 52 22 40 24 26 40 36 10 18 16 22 16 68 28 36 14 14 12 20 72 22 48 18 40 2 30 22 10 36 255 255 255 255 255 224 142 80 64 242 255 255 0 
0 14 10 6 18 24 24 8 12 8 14 18 14 2 14 24 14 12 8 4 6 10 10 22 70 26 80 255 255 255 56 30 8 8 12 10 8 8 8 16 12 18 8 10 22 16 2 10 24 74 255 255 8 28 54 50 10 2 2 20 44 26 34 16 4 18 36 38 20 40 20 20 20 14 16 46 38 10 20 14 12 32 24 44 48 54 40 20 24 4 34 72 64 30 38 26 6 10 40 50 32 10 18 44 38 22 70 50 42 30 20 6 14 26 36 255 255 255 255 255 244 142 100 20 42 255 255 0 
0 24 20 28 14 4 2 10 14 14 16 16 8 10 10 18 18 6 4 10 12 12 6 20 32 18 56 114 206 182 12 20 12 12 14 10 6 12 18 22 8 12 12 2 10 18 14 16 18 52 255 255 255 255 255 255 255 255 255 255 255 255 255 255 255 255 255 255 255 255 255 255 255 255 255 255 255 255 255 255 255 255 255 255 255 255 255 255 255 255 255 255 255 255 255 255 255 255 255 255 255 255 255 255 255 255 255 255 255 255 255 255 255 255 255 255 255 255 255 255 222 126 104 62 48 255 255 0 
0 18 8 12 16 8 18 12 8 8 14 16 8 8 20 22 16 4 4 2 4 6 8 6 40 22 32 68 30 18 16 30 16 14 18 16 12 18 18 6 10 14 6 4 4 6 14 36 76 36 255 255 255 255 255 255 255 255 255 255 255 255 255 255 255 255 255 255 255 255 255 255 255 255 255 255 255 255 255 255 255 255 255 255 255 255 255 255 255 255 255 255 255 255 255 255 255 255 255 255 255 255 255 255 255 255 255 255 255 255 255 255 255 255 255 255 255 255 255 255 255 220 148 74 76 122 150 0 
0 28 20 26 24 14 22 12 2 4 12 18 18 10 20 20 16 12 10 8 4 4 4 22 84 36 52 70 42 34 38 30 30 18 18 12 6 6 14 20 20 14 6 4 4 6 14 18 26 26 34 36 14 58 22 40 32 22 16 18 12 14 30 34 20 24 22 20 16 14 12 26 18 8 12 12 12 12 8 4 18 22 22 22 24 22 20 18 14 16 16 14 18 16 12 12 10 16 18 18 22 24 22 22 10 10 12 12 12 12 10 6 30 182 255 255 255 255 255 255 94 226 255 246 142 38 226 0 
0 14 2 8 6 10 24 16 6 10 12 20 26 24 18 10 14 14 12 10 10 4 4 36 34 36 38 70 42 40 18 34 32 16 14 8 8 8 8 14 10 14 10 6 6 10 14 12 36 32 6 24 40 24 28 12 6 12 10 18 18 32 46 32 14 10 12 12 16 22 24 24 10 2 4 6 6 4 2 10 8 2 6 6 6 6 2 4 6 8 8 4 8 8 4 14 12 4 8 10 14 14 8 6 8 12 14 12 12 14 12 8 164 255 255 255 255 255 255 152 68 64 70 158 230 255 255 0 
0 12 8 14 6 12 24 6 12 14 14 16 30 36 30 16 4 4 10 14 18 20 18 30 118 116 182 132 104 24 60 34 60 40 26 12 4 14 18 26 16 14 10 6 6 10 14 14 24 58 20 64 60 30 28 28 24 24 10 10 10 24 38 26 38 28 24 18 18 12 4 2 4 8 0 4 4 0 8 6 4 6 8 10 8 10 10 10 8 6 6 4 8 8 4 8 12 8 4 6 6 2 4 8 8 12 14 12 12 14 12 24 228 255 240 232 200 236 254 255 255 110 222 96 255 255 124 0 
0 34 34 38 32 42 44 20 22 16 12 8 24 36 36 32 24 24 30 32 36 38 34 30 132 168 255 255 255 120 40 36 32 24 22 14 14 14 14 24 24 14 6 4 4 6 14 18 26 56 26 58 68 24 42 16 18 20 20 20 22 20 36 26 10 2 2 4 12 14 12 4 16 24 24 24 24 24 24 18 12 10 10 14 12 10 10 8 6 4 6 6 6 6 4 12 20 22 24 24 20 18 18 14 10 14 16 12 12 16 14 18 192 255 255 255 255 255 255 200 255 255 255 255 255 152 255 0 
0 10 12 16 14 28 28 8 14 12 8 4 14 26 32 36 28 32 36 38 42 42 38 32 150 255 255 255 255 76 30 36 64 42 40 28 8 10 20 14 6 14 6 4 4 6 14 10 28 22 42 44 28 40 40 24 36 6 18 30 28 12 20 16 4 8 12 14 24 32 36 42 28 14 14 8 8 14 14 8 2 4 4 6 6 4 2 2 4 4 8 8 6 10 8 12 20 20 18 14 8 12 16 8 14 18 22 20 20 22 18 36 76 212 255 255 255 255 255 146 156 255 255 255 220 255 255 0 
0 4 6 16 18 30 24 12 28 12 4 2 10 20 26 34 14 42 26 4 110 140 130 26 40 255 255 255 255 66 22 6 38 32 24 10 6 12 12 14 18 22 20 12 12 16 24 22 26 36 28 48 22 14 16 36 48 20 56 26 16 34 16 22 16 24 36 42 16 6 2 28 28 10 22 30 30 20 6 4 4 4 14 18 14 6 6 12 16 12 2 10 6 6 2 6 10 12 14 10 4 4 10 18 18 10 16 18 16 10 2 8 24 32 100 162 226 255 255 255 250 178 128 192 255 255 255 0 
0 6 6 8 14 18 14 14 8 22 18 18 8 12 20 42 38 44 18 226 255 255 255 20 38 228 255 255 220 32 22 22 2 4 4 6 6 14 18 10 8 18 12 6 12 24 26 16 12 38 32 20 12 6 18 32 34 30 66 44 56 78 38 36 82 122 46 40 2 40 44 30 18 12 12 8 8 12 18 8 22 34 42 38 32 30 24 14 2 14 6 6 10 10 2 12 18 12 10 8 8 8 12 12 8 10 8 6 8 16 20 28 10 20 18 14 38 50 50 50 44 18 114 150 146 54 20 0 
0 10 12 10 12 14 8 16 36 40 26 32 26 12 2 28 58 12 44 255 255 255 255 26 50 48 80 98 30 48 82 54 18 10 6 2 2 6 10 18 24 22 16 14 18 20 22 12 28 22 10 18 16 18 20 24 42 32 56 36 28 52 36 74 66 92 30 24 18 24 14 14 18 4 20 30 28 12 12 44 58 46 44 32 32 38 38 38 28 6 14 14 4 10 16 20 10 2 8 14 16 18 20 14 8 8 8 6 12 16 12 14 18 12 8 4 4 4 6 4 8 12 8 4 4 10 10 0 
0 8 10 10 8 8 6 16 22 14 16 24 18 12 16 42 36 20 70 255 255 255 255 58 26 10 30 38 140 120 136 80 14 10 6 2 2 6 10 14 22 24 20 12 14 14 18 12 20 8 4 10 6 20 26 16 40 28 28 12 18 26 36 182 122 148 42 44 6 40 8 14 18 20 18 2 28 52 66 74 58 38 36 24 30 36 36 36 44 34 10 12 14 16 26 12 4 2 4 10 12 14 18 22 16 8 8 6 12 12 10 12 20 20 20 18 16 12 8 6 6 6 8 10 10 16 16 0 
0 18 20 22 22 20 16 22 34 32 32 34 26 10 14 50 56 48 12 188 255 255 82 66 30 38 76 102 148 42 118 88 10 6 6 4 4 6 6 4 10 14 14 10 8 6 10 4 10 8 10 22 14 14 26 38 14 40 40 28 6 16 56 128 14 146 56 34 16 28 18 6 2 14 34 62 82 86 76 48 24 14 12 8 14 20 22 24 48 68 36 18 26 18 40 20 8 6 6 4 6 8 10 18 16 6 6 6 8 6 8 14 16 22 24 26 24 22 20 14 10 10 12 8 2 2 0 0 
0 16 20 22 22 20 18 16 14 10 14 22 20 22 28 50 62 48 98 48 24 14 90 104 116 98 88 72 54 64 166 78 22 6 6 4 4 6 6 4 10 8 4 4 2 4 8 10 6 20 16 18 20 6 12 14 18 36 26 10 12 26 60 210 150 146 42 40 24 50 18 48 42 60 78 84 76 52 24 14 16 6 8 8 8 8 12 34 34 82 58 16 18 6 32 28 10 4 2 0 2 2 2 14 16 6 6 6 8 6 8 14 12 12 12 16 18 20 18 16 16 22 26 24 20 22 24 0 
0 6 8 8 10 10 8 14 22 14 18 22 14 24 36 30 36 98 124 34 66 32 82 142 118 62 60 48 16 88 118 36 16 10 6 2 2 6 10 14 16 12 8 6 6 2 4 18 10 24 12 6 14 12 2 14 6 36 46 26 20 104 168 164 52 48 10 8 40 26 90 70 48 60 62 50 26 12 22 32 22 8 8 8 4 4 12 38 18 66 60 20 12 16 12 22 16 4 2 2 6 10 12 22 20 8 8 6 12 12 10 22 20 12 10 10 8 6 6 4 2 8 14 12 12 16 20 0 
0 8 14 12 10 12 10 20 18 6 14 26 30 60 76 64 58 42 66 52 78 68 114 84 48 62 32 10 64 100 88 30 14 10 6 2 2 6 10 18 18 14 12 8 2 0 4 12 16 20 8 22 24 10 12 4 62 34 40 6 68 255 255 255 255 255 60 52 38 88 92 20 8 20 24 18 12 22 18 14 10 4 4 4 10 16 22 32 6 46 54 30 26 22 16 12 20 8 4 8 14 14 14 20 16 8 8 6 12 16 12 18 24 20 16 16 14 10 6 14 24 24 24 18 18 18 16 0 
0 44 18 22 14 2 10 10 36 30 28 8 40 58 62 70 52 40 38 44 88 124 100 28 38 54 56 50 102 120 66 12 8 2 6 6 6 6 6 14 10 10 8 8 4 4 12 14 16 18 14 20 16 16 20 12 60 32 48 30 94 255 255 230 255 192 136 94 108 46 20 22 6 18 18 18 18 24 20 10 14 16 18 18 12 6 14 24 24 24 68 56 28 4 18 6 26 16 12 6 8 8 16 10 6 14 12 14 18 18 16 14 10 8 4 4 2 2 4 18 22 14 18 18 22 28 28 0 
0 255 114 16 10 18 12 12 28 40 52 16 56 14 42 60 42 68 24 22 4 38 38 10 4 14 24 72 116 94 36 10 16 6 4 2 4 8 10 14 4 12 14 10 6 10 16 14 10 8 14 22 22 14 6 10 44 44 6 16 46 255 255 255 255 216 30 58 26 28 30 12 16 10 12 8 8 8 12 8 20 18 10 2 8 10 12 6 16 12 62 48 18 16 16 32 38 16 10 8 8 22 30 36 60 52 50 42 36 28 22 20 20 20 20 18 12 8 6 16 20 12 10 4 2 10 14 0 
0 255 255 142 30 24 24 22 40 20 38 32 40 22 34 92 72 62 56 34 26 40 42 30 30 56 76 84 78 50 16 12 14 10 8 8 12 16 16 14 2 12 12 4 4 12 12 6 4 4 6 8 6 4 4 12 14 18 20 20 22 34 56 92 120 94 52 4 22 20 6 4 0 10 18 12 4 10 24 22 12 12 22 24 14 10 24 32 18 44 64 40 18 12 24 24 8 8 6 18 20 28 48 76 78 52 52 46 36 28 20 10 8 6 10 14 14 10 8 14 20 20 20 16 12 12 12 0 
0 255 255 255 158 28 22 34 18 42 76 36 16 42 24 40 96 100 72 42 32 34 44 12 50 72 78 68 48 18 6 16 12 12 8 8 12 16 16 8 6 12 12 8 8 12 12 8 4 4 6 8 6 6 10 8 2 16 26 26 22 36 60 88 76 36 18 16 14 18 38 34 36 26 12 2 12 16 6 4 6 12 18 12 18 30 30 2 56 32 44 100 68 6 18 34 14 14 4 30 48 50 46 46 22 6 10 16 20 20 22 20 12 10 12 14 16 14 12 12 18 24 24 20 14 12 14 0 
0 255 255 255 255 110 24 14 6 92 194 196 144 38 28 38 24 20 24 34 50 64 68 68 82 58 46 24 8 12 14 12 6 10 6 6 12 16 14 6 14 8 8 10 10 8 8 14 12 8 10 14 14 12 14 22 24 38 28 26 16 38 56 42 12 10 8 22 26 38 48 30 36 32 26 14 2 12 10 8 8 6 24 30 40 34 20 32 60 28 98 110 142 28 34 14 10 14 32 60 66 46 22 8 22 24 20 16 12 4 6 12 14 12 14 16 16 14 14 14 16 24 24 20 12 8 10 0 
0 86 255 255 255 252 86 10 10 112 252 216 255 146 24 8 30 30 20 6 30 60 80 80 60 28 12 22 24 18 10 10 6 6 4 2 6 8 6 10 14 2 2 4 4 2 2 16 14 0 2 4 8 8 10 14 26 26 6 12 8 34 42 10 4 14 18 18 20 16 16 10 22 16 12 16 16 22 22 20 8 12 26 34 28 18 6 24 58 46 72 14 154 116 22 42 8 26 46 58 48 16 12 22 10 6 6 4 6 8 8 6 8 14 14 16 16 14 12 14 12 20 22 20 12 6 4 0 
0 26 178 255 255 255 192 44 12 116 255 164 255 255 170 26 8 8 4 8 8 6 12 14 14 8 2 4 10 10 6 6 10 8 8 6 10 12 10 14 14 2 2 4 4 2 2 16 22 12 14 12 8 8 8 8 12 6 20 10 16 38 36 6 6 24 14 0 10 12 20 22 26 12 2 12 22 22 20 28 18 16 18 10 12 26 28 10 18 30 38 64 108 206 136 172 122 36 36 30 18 16 32 18 4 6 6 4 6 6 2 12 14 12 14 16 14 12 10 10 6 12 16 16 10 4 0 0 
0 30 102 255 255 255 252 86 38 32 255 255 130 255 255 168 18 10 4 6 14 12 8 2 6 2 6 10 10 4 4 4 6 10 8 6 10 12 10 14 12 4 4 6 6 4 4 10 22 18 20 20 16 16 16 26 16 34 30 28 32 42 28 4 4 20 20 22 24 10 10 12 16 18 20 18 10 2 14 28 12 10 24 26 36 34 24 46 72 18 44 114 56 196 255 255 255 44 14 14 24 26 28 22 30 36 28 18 8 4 12 22 14 8 10 14 14 10 6 4 4 8 12 14 10 6 4 0 
0 68 38 180 255 255 255 150 44 48 120 255 255 102 255 255 96 12 0 12 16 12 6 6 8 4 4 2 2 4 2 6 14 10 4 4 4 12 20 28 22 18 20 20 18 14 10 4 10 4 6 14 18 16 8 20 18 30 6 24 40 38 20 6 10 10 2 4 4 6 16 10 6 8 8 14 14 36 34 16 20 12 8 8 26 26 28 70 78 122 98 68 66 30 255 255 255 52 24 6 8 4 16 20 14 8 4 6 14 18 12 14 2 12 16 18 16 8 0 2 6 8 12 16 10 6 8 0 
0 64 42 86 255 255 255 255 54 54 64 216 255 255 210 255 172 8 14 14 8 0 10 10 6 2 6 8 8 6 2 14 16 12 12 10 8 8 18 20 14 12 16 18 12 10 6 14 20 16 12 6 10 14 8 6 8 6 10 22 28 38 34 14 6 6 2 6 12 6 6 20 20 18 18 40 28 64 22 36 20 28 24 18 50 42 52 28 184 150 120 58 116 100 255 66 255 44 30 0 14 8 14 26 26 30 18 16 8 20 28 12 16 20 22 22 16 12 6 2 8 8 10 16 14 8 6 0 
0 26 60 54 134 255 255 255 88 44 88 36 255 255 78 255 220 10 10 14 10 4 6 8 6 0 0 0 0 0 0 14 16 22 20 12 12 20 22 16 10 8 10 12 10 12 12 14 14 14 8 10 10 8 14 10 2 2 10 34 52 48 24 8 18 22 18 12 2 6 10 20 10 14 22 38 26 34 34 14 24 4 12 68 88 60 46 68 234 40 168 44 30 112 255 108 255 50 22 2 16 20 20 8 6 0 14 12 12 20 16 12 14 12 10 8 2 6 8 6 10 8 8 12 12 8 8 0 
0 112 128 112 96 164 255 255 128 24 60 8 124 255 212 255 236 6 4 10 14 10 10 8 6 0 0 0 0 0 0 8 8 12 10 4 4 10 12 12 10 8 12 14 12 14 12 8 2 2 8 12 12 8 2 8 6 6 20 60 76 56 38 30 20 26 22 16 6 2 6 20 20 30 48 10 40 48 32 20 24 22 48 92 66 16 48 198 226 74 172 24 48 255 255 255 255 20 12 22 16 16 16 8 6 14 14 4 20 18 6 6 6 8 8 8 4 2 6 6 10 8 10 12 12 10 8 0 
0 166 134 158 116 162 255 255 144 56 76 56 40 242 255 255 226 10 6 6 12 14 14 6 8 0 0 0 0 0 0 6 8 12 16 14 14 16 12 4 2 6 10 10 10 10 6 6 8 12 16 16 16 16 12 8 4 4 30 60 56 14 26 6 28 28 24 18 16 12 6 12 46 36 58 36 66 44 38 60 64 62 112 84 10 72 142 252 138 118 158 26 208 255 255 255 255 30 24 38 34 6 18 20 12 18 6 18 24 12 18 6 6 4 8 10 8 4 0 6 8 6 10 8 8 10 6 0 
0 180 130 144 160 154 255 255 140 78 16 102 20 188 234 255 136 10 6 6 12 14 14 6 8 0 0 0 0 0 0 8 10 8 12 12 12 12 8 6 4 2 4 4 4 2 0 6 10 10 10 6 6 10 10 8 14 10 24 66 76 58 94 68 64 20 14 6 6 14 16 18 44 6 34 18 28 82 78 8 4 84 68 22 36 104 144 180 8 156 140 18 255 255 112 255 255 52 26 36 42 16 26 16 12 18 12 24 18 6 18 8 4 0 4 8 10 8 4 8 8 6 8 4 4 8 6 0 
0 186 132 110 166 136 240 255 148 86 44 66 60 100 126 144 34 6 4 10 14 10 10 8 6 0 0 0 0 0 0 8 10 4 0 4 4 0 4 4 4 4 6 8 8 6 4 10 8 6 12 18 18 12 6 2 6 4 14 44 58 66 78 70 86 50 48 38 28 24 22 24 46 48 60 48 68 94 48 222 216 178 34 64 76 190 252 214 110 188 170 222 255 255 206 255 254 46 12 24 32 12 16 10 16 6 18 20 4 14 14 10 2 6 2 4 8 8 8 10 8 6 8 4 4 8 6 0 
0 138 96 70 104 66 158 214 180 76 10 26 20 54 18 24 14 10 10 14 10 4 6 8 6 0 0 0 0 0 0 6 12 10 10 8 8 10 10 10 2 6 6 8 8 8 6 12 12 20 28 30 30 28 20 16 20 16 10 12 10 10 26 36 36 36 42 44 46 54 60 60 70 70 58 48 88 40 255 255 255 255 50 98 144 255 255 255 255 255 255 255 255 255 255 255 154 24 8 32 30 10 14 16 12 16 20 12 12 14 0 14 8 8 6 2 8 10 12 10 4 4 6 2 2 6 4 0 
0 96 44 40 88 70 162 232 228 124 4 12 32 32 42 26 10 22 16 8 2 4 8 4 8 8 6 6 4 2 2 8 10 6 6 14 20 12 6 8 10 6 10 14 8 4 2 8 6 14 18 14 10 10 12 14 6 16 14 12 8 2 14 4 14 18 18 14 50 62 50 40 28 30 28 24 30 114 188 255 255 232 80 146 232 255 255 106 182 255 255 255 255 196 255 255 92 12 18 30 30 14 10 6 14 26 12 10 22 16 16 20 22 14 8 2 8 10 10 8 20 26 22 12 6 8 12 0 
0 96 58 102 148 108 204 254 255 182 46 22 22 40 32 34 22 10 2 6 6 2 6 14 4 12 10 6 12 6 10 12 6 10 14 18 14 16 10 12 10 12 16 12 8 8 2 10 10 14 22 24 18 14 6 8 12 14 10 12 14 18 24 32 24 40 22 42 52 32 28 22 6 18 8 40 56 34 156 255 228 44 108 158 244 232 212 192 148 32 136 178 176 112 255 255 38 14 14 24 22 0 24 22 20 18 6 2 18 18 10 16 20 16 12 8 10 14 14 18 16 18 16 10 6 4 2 0 
0 140 102 118 112 70 180 255 255 212 74 8 6 18 6 32 24 22 20 12 12 10 8 8 14 18 0 18 22 10 16 14 24 26 16 6 4 6 12 20 18 10 8 14 12 12 4 12 12 6 4 4 6 8 10 12 14 10 6 2 2 6 10 16 18 58 38 52 42 26 22 28 14 24 36 42 44 100 70 106 180 120 70 144 242 168 24 48 136 70 8 100 142 56 255 255 34 8 16 24 12 20 40 18 10 4 4 4 4 4 4 6 6 12 14 12 12 14 12 2 16 30 30 22 14 14 16 0 
0 96 88 80 74 60 136 254 255 244 102 24 10 20 8 20 10 14 10 10 12 8 10 12 14 10 12 26 24 18 22 14 30 18 8 10 12 10 2 10 16 10 6 8 10 8 8 10 8 4 2 6 10 12 12 14 12 10 6 2 2 6 10 10 14 40 40 34 20 26 10 20 6 12 48 10 86 16 194 255 204 134 72 166 255 220 172 132 184 62 38 138 126 196 255 255 26 14 28 24 2 24 36 14 16 4 4 4 4 4 4 2 2 4 8 10 8 6 4 8 14 10 12 14 8 4 4 0 
0 38 52 42 24 38 76 206 255 255 120 32 16 22 12 20 6 4 4 8 16 18 16 14 6 8 18 26 18 18 26 16 20 12 22 24 16 22 16 2 10 14 12 4 0 6 14 14 8 6 8 10 12 12 12 10 8 6 6 4 4 6 6 2 6 12 22 20 2 18 18 6 12 20 16 66 24 206 255 255 180 208 156 182 238 152 66 92 64 52 108 174 138 255 255 255 28 24 28 12 12 24 22 12 16 4 4 4 4 4 4 8 10 16 18 16 14 16 16 16 14 4 10 16 14 12 10 0 
0 4 20 22 6 34 36 154 255 255 126 44 14 20 12 20 12 8 6 8 14 12 8 6 10 14 20 22 14 8 22 8 16 28 28 20 8 18 18 8 6 8 14 14 14 22 26 20 14 12 12 12 10 8 6 6 8 6 6 4 4 6 6 8 10 10 2 14 10 6 16 10 20 24 48 40 130 255 255 255 166 206 220 182 174 118 62 74 46 140 174 222 184 255 255 204 18 16 10 12 26 24 14 16 12 4 4 4 4 4 4 14 16 16 16 14 16 18 16 18 20 14 8 8 2 4 8 0 
0 26 40 54 26 58 40 130 230 252 138 48 12 20 16 22 12 4 4 6 14 18 20 18 22 14 14 20 18 10 18 4 10 22 14 12 10 22 22 4 8 0 8 18 26 28 24 16 12 12 12 10 6 2 4 14 18 10 6 2 2 6 10 16 14 18 14 14 8 4 8 20 8 16 16 104 255 255 255 76 36 88 146 124 84 38 44 32 46 228 255 255 255 255 255 144 30 18 16 38 42 24 4 14 4 4 4 4 4 4 4 14 10 4 6 8 10 8 4 10 12 10 6 2 4 6 8 0 
0 44 54 66 46 74 60 136 234 255 142 44 8 18 22 18 14 8 10 8 16 20 24 26 22 24 4 16 20 10 16 4 4 8 14 16 24 30 24 14 14 12 16 26 28 22 18 14 12 10 8 6 4 4 6 20 20 10 6 2 2 6 10 16 16 16 20 14 4 8 4 30 42 28 84 255 255 230 134 150 80 24 26 44 44 40 40 54 180 255 255 174 255 154 254 112 12 22 28 46 42 26 24 10 4 4 4 4 4 4 4 14 14 12 14 12 12 14 12 18 16 20 24 22 22 24 24 0 
0 0 0 0 0 0 0 0 0 0 0 0 0 0 0 0 0 0 0 0 0 0 0 0 0 0 0 0 0 0 0 0 0 0 0 0 0 0 0 0 0 0 0 0 0 0 0 0 0 0 0 0 0 0 0 0 0 0 0 0 0 0 0 0 0 0 0 0 0 0 0 0 0 0 0 0 0 0 0 0 0 0 0 0 0 0 0 0 0 0 0 0 0 0 0 0 0 0 0 0 0 0 0 0 0 0 0 0 0 0 0 0 0 0 0 0 0 0 0 0 0 0 0 0 0 0 0 0 
